  id            u            v           CA      demanda           CS       length   oneway     status
   0   2647883776   1200465894     0.178228     0.000000     0.475275    59.409331     True    servico
   1   2647883776   2647883774     0.259327    39.542851     0.691538    86.442243    False    servico
   2       -40959   1264443178     0.555583    57.535957     1.481554   185.194281     True    servico
   3       -40957       -40959     0.253102   123.265314     0.674938    84.367212     True    servico
   4       -40957   1264443117     0.321326    56.154816     0.856868   107.108543     True    servico
   5       -40955       -40957     0.503512    71.291446     1.342698   167.837279     True    servico
   6       -40955   1217426562     0.669711   111.712493     1.785896   223.236990     True    servico
   7       -40953   1200569670     0.393029   148.586540     1.048078   131.009796     True    servico
   8       -40953   1237684066     0.341367    87.200120     0.910312   113.789056     True    servico
   9   2647883784   1801769458     0.254615    75.737996     0.678974    84.871692     True    servico
  10       -40951   5117971110     0.543106    56.490598     1.448283   181.035422     True    servico
  11       -40951   1237684083     0.643870   120.497177     1.716988   214.623440     True    servico
  12       -40949       -40947     0.093275     0.000000     0.248733    31.091608     True   passagem
  13       -40949   1237684119     0.629359    20.694574     1.678290   209.786251     True    servico
  14       -40947   1198360329     0.250413   139.633729     0.667767    83.470869     True    servico
  15       -40947   1195800553     0.307757    55.558210     0.820685   102.585587     True    servico
  16   2647883791   1215470397     0.124748    68.280967     0.332661    41.582586     True    servico
  17   2647883791   1227355158     0.457783    27.677369     1.220756   152.594466     True    servico
  18       -40945       -40943     0.328337   101.566877     0.875564   109.445526    False    servico
  19       -40943       -40945     0.328337    72.846942     0.875564   109.445526    False    servico
  20       -40943   1237684083     0.318323    72.846942     0.848862   106.107749    False    servico
  21       -40943   1237684119     0.265868    70.625318     0.708982    88.622772    False    servico
  22   2647883794   2647883798     0.476605    58.987317     1.270946   158.868198    False    servico
  23   2647883794   1227355223     0.166018   105.742673     0.442716    55.339459     True    servico
  24   2647883795   1198360416     0.232609    36.833944     0.620291    77.536389     True    servico
  25       -40939   1200524230     0.493903    51.608221     1.317074   164.634190     True    servico
  26       -40939   1200569724     0.396594   109.580517     1.057583   132.197887     True    servico
  27   2647883798   2647883794     0.476605    87.990914     1.270946   158.868198    False    servico
  28   2647883798   1215493130     0.164195   105.742673     0.437853    54.731573     True    servico
  29   1200465943   1269518815     0.532493     0.000000     1.419981   177.497576     True   passagem
  30   2647883799   1200464915     0.132855   118.142387     0.354281    44.285115     True    servico
  31   2647883802   2647883799     0.487052    29.476173     1.298806   162.350692     True    servico
  32   2647883802   1200524381     0.218789   108.060621     0.583436    72.929508     True    servico
  33   1200465957   1200465103     0.582289    48.541880     1.552769   194.096182     True    servico
  34   1200465957   1200465688     0.600142   129.190418     1.600379   200.047338     True    servico
  35   1200465969   1801769467     0.183924   133.151508     0.490464    61.308005     True    servico
  36   1200465969   1200465091     0.360168    40.806608     0.960449   120.056097     True    servico
  37   1200465985   1200524560     0.210390    79.909338     0.561041    70.130109     True    servico
  38   1200465985   2466854166     0.334656    46.678600     0.892417   111.552163     True    servico
  39   1200466016   1200465829     0.247287    74.249119     0.659431    82.428888     True    servico
  40   1200466016   1200465912     0.484263    54.864668     1.291368   161.421030     True    servico
  41   5116534887   5116534888     0.258702   107.441837     0.689873    86.234092    False    servico
  42   5116534887       -40993     0.268306    57.397411     0.715483    89.435375     True    servico
  43   5116534888   5116534887     0.258702    59.528185     0.689873    86.234092    False    servico
  44   5116534888   1227355223     0.223002    57.397411     0.594672    74.333958     True    servico
  45   1200466053   1200465369     0.218347    49.476683     0.582260    72.782483     True    servico
  46   1200466053   1198360418     0.174460    48.444021     0.465226    58.153280     True    servico
  47   1200466053       -40975     0.085741     0.000000     0.228642    28.580296    False   passagem
  48   1200466069   2466854158     0.377284    19.023045     1.006090   125.761250     True    servico
  49   1200466069   2647883706     0.269901    83.706688     0.719735    89.966838     True    servico
  50   3218294973   1237684088     0.425449    59.881928     1.134531   141.816377     True     BR-356
  51   3218294979   3218294973     0.108288    94.392981     0.288769    36.096069     True    servico
  52   3218294979       -40985     0.813569    24.025544     2.169518   271.189776     True    servico
  53   1215508702   2647883776     0.133318   180.503915     0.355515    44.439417     True    servico
  54   1215508702   1215508704     0.246244    29.578876     0.656652    82.081495     True    servico
  55   1215508703   1215470404     0.199638    54.633443     0.532369    66.546149    False    servico
  56   1215508703   1200524204     0.804613    44.293117     2.145635   268.204324    False    servico
  57   1215508704   1801769465     0.190243   178.516798     0.507316    63.414453     True    servico
  58   1215508704   1200465621     0.467201    42.208660     1.245869   155.733670     True    servico
  59   2591478053   2591478059     0.368849   103.656330     0.983597   122.949595    False    servico
  60   2591478053   1200465829     0.308967    81.835250     0.823912   102.988974     True    servico
  61   2591478059   2591478053     0.368849    68.549461     0.983597   122.949595    False    servico
  62   2591478059   1198360312     0.298618    81.835250     0.796315    99.539382     True    servico
  63   1264453991   1264454006     0.476956    66.253413     1.271882   158.985248    False    servico
  64   1264453991   1195866064     0.772239   105.820581     2.059305   257.413072     True    servico
  65   4387496301   4387496303     0.233927   171.334141     0.623806    77.975805    False    servico
  66   4387496301   1200465568     0.337906    51.900696     0.901082   112.635199     True    servico
  67   4387496303   4387496301     0.233927    74.969989     0.623806    77.975805    False    servico
  68   1264454006   1264453991     0.476956    51.900696     1.271882   158.985248    False    servico
  69   1264454006   1227355272     0.408320   105.820581     1.088853   136.106655    False    servico
  70   1264454006   1195866064     0.370810    90.592589     0.988826   123.603235    False    servico
  71   1195741600   1195741681     0.480282    82.270313     1.280751   160.093906     True    servico
  72   1195741600   1237684091     0.192939   106.558504     0.514503    64.312922     True    servico
  73   1036902846   1200524395     0.104301    42.806681     0.278136    34.766983     True    servico
  74   1036902846   1036905853     0.098552     0.000000     0.262804    32.850540     True   passagem
  75   1269518815   1200466069     0.027016     0.000000     0.072043     9.005365     True   passagem
  76   1269518815   2587347994     0.713675     0.000000     1.903134   237.891751     True   passagem
  77   1801769443   1801769478     0.279938   158.340749     0.746502    93.312741    False    servico
  78   1801769443   1200524690     0.160534    62.108960     0.428090    53.511255     True    servico
  79   1801769450   1801769467     0.348871    35.617092     0.930322   116.290247    False    servico
  80   1801769450   1200465091     0.119886    77.402788     0.319695    39.961841     True    servico
  81   1801769451   1200465600     0.050440    26.598601     0.134506    16.813223     True    servico
  82   1801769452   1801769450     0.164838    11.190881     0.439568    54.946050     True    servico
  83   1801769452   1801769464     0.250218    36.572091     0.667247    83.405842     True    servico
  84   1801769454   1801769481     0.128726    55.514929     0.343270    42.908715    False    servico
  85   1801769454   1801769487     0.159903    28.560041     0.426407    53.300898     True    servico
  86   1036909039       -40977     0.941888     0.000000     2.511700   313.962505     True   passagem
  87   1036909039   1200524328     0.034884     0.000000     0.093023    11.627892     True   passagem
  88   1801769455   1801769481     0.228656     7.739525     0.609749    76.218668    False    servico
  89   1801769455   1801769488     0.024487    50.731145     0.065298     8.162239     True    servico
  90   1195741681   1237684070     0.262908     5.432786     0.701088    87.636049     True     BR-356
  91   1195741681   1227355178     2.767258    58.330554     7.379355   922.419434     True ['BR-356', 'passagem']
  92   1801769458       -40949     0.397070   613.962375     1.058853   132.356676     True    servico
  93   1801769458   5117971109     0.032868    88.096604     0.087647    10.955894    False    servico
  94   1801769463   1801769451     0.214118     7.292243     0.570981    71.372644     True    servico
  95   1801769464   1801769463     0.099049    47.505632     0.264131    33.016381     True    servico
  96   1801769465   1200465600     0.204949    21.975703     0.546529    68.316186     True    servico
  97   1801769465   2647883773     0.147506    45.471253     0.393349    49.168672    False    servico
  98   1801769466   1801769499     0.019879    32.726668     0.053012     6.626466     True    servico
  99   1801769467   1801769450     0.348871     4.410576     0.930322   116.290247    False    servico
 100   1801769467   1801769463     0.145120    77.402788     0.386986    48.373306     True    servico
 101   1801769468   1801769479     0.139808    32.197272     0.372821    46.602565    False    servico
 102   1801769468   2466854175     0.026896    31.018667     0.071722     8.965243     True    servico
 103   1801769472   1801769478     0.049975     5.967266     0.133267    16.658396     True    servico
 104   1801769472   1801769487     0.220317    11.087828     0.587512    73.439046     True    servico
 105   1801769475   1217426568     0.322750    48.881029     0.860665   107.583167     True    servico
 106   1801769475   1801769485     0.130323    71.607356     0.347529    43.441087    False    servico
 107   1801769478   1801769443     0.279938    28.914388     0.746502    93.312741    False    servico
 108   1801769478   1200465254     0.195974    62.108960     0.522596    65.324546     True    servico
 109   1801769479   1801769468     0.139808    43.480018     0.372821    46.602565    False    servico
 110   1801769479   1801769500     0.190142    31.018667     0.507046    63.380760    False    servico
 111   1801769479   2647883773     0.168702    42.186234     0.449873    56.234080    False    servico
 112   1801769481   1801769452     0.173816    37.429404     0.463508    57.938543     True    servico
 113   1801769481   1801769454     0.128726    38.563894     0.343270    42.908715    False    servico
 114   1801769481   1801769455     0.228656    28.560041     0.609749    76.218668    False    servico
 115   1801769482   1801769466     0.112662    50.731145     0.300433    37.554134     True    servico
 116   1801769482   1801769496     0.186706    24.996032     0.497883    62.235371     True    servico
 117   1801769484   1200466053     0.214143    41.423863     0.571049    71.381155     True    servico
 118   1801769485   2647883784     0.054478    47.511297     0.145276    18.159488     True    servico
 119   1801769485   1801769475     0.130323    12.086955     0.347529    43.441087    False    servico
 120   1801769485   1801769495     0.265636    28.914388     0.708364    88.545484    False    servico
 121   1801769486   1801769500     0.019757    58.935874     0.052684     6.585536     True    servico
 122   1801769486   1195865902     0.123517     0.000000     0.329378    41.172217     True   passagem
 123   1801769487   1801769452     0.121591    27.404228     0.324242    40.530203     True    servico
 124   1801769488   1801769464     0.192006    26.976903     0.512016    64.002044     True    servico
 125   1801769488   1801769451     0.123323    42.599760     0.328861    41.107630     True    servico
 126   1801769495   5117971109     0.050244    27.361239     0.133984    16.747966    False    servico
 127   1801769495   1801769485     0.265636    11.147446     0.708364    88.545484    False    servico
 128   1801769496   1801769454     0.176380    58.935874     0.470348    58.793476     True    servico
 129   1801769499   1801769484     0.242978    39.132937     0.647940    80.992555     True    servico
 130   1801769499   1200465054     0.253923    53.908644     0.677128    84.640994     True    servico
 131   1801769500   1801769479     0.190142    56.337046     0.507046    63.380760    False    servico
 132   1801769500   1198360377     0.151731    42.186234     0.404617    50.577069     True    servico
 133   5117971109   1801769458     0.032868    33.664097     0.087647    10.955894    False    servico
 134   5117971109   1801769495     0.050244     7.292243     0.133984    16.747966    False    servico
 135   5117971109   5117971110     0.387910    11.147446     1.034426   129.303278    False    servico
 136   5117971110       -40949     0.066821    86.064262     0.178189    22.273641     True    servico
 137   5117971110   5117971109     0.387910    14.825335     1.034426   129.303278    False    servico
 138   5117971126   1200524856     0.142265    86.064262     0.379372    47.421555     True    servico
 139   5117971126   5117971130     0.066767    31.563787     0.178046    22.255709     True    servico
 140   5117971130   2466854166     0.109326    14.813400     0.291535    36.441853     True    servico
 141   5117971137   1237684063     0.218433    24.255697     0.582489    72.811082    False    servico
 142   1202909963   3218294973     0.444919    48.463056     1.186450   148.306192     True    servico
 143   1215470397   1227355258     0.449767    98.712602     1.199380   149.922466     True    servico
 144   1215470397   1198360286     0.206780    99.788393     0.551413    68.926589     True    servico
 145   1215470404   1215508703     0.199638    45.877538     0.532369    66.546149    False    servico
 146   1215470404   1215470397     1.189518    44.293117     3.172049   396.506160     True    servico
 147   1215470404   1215493136     0.292482   263.914500     0.779951    97.493928     True    servico
 148       -44134   1264453991     0.397723    64.891958     1.060594   132.574229     True    servico
 149   1200524204   1215508703     0.804613    88.241407     2.145635   268.204324    False    servico
 150   1200524204   1036902846     1.717034   178.516798     4.578758   572.344801     True    servico
 151   1200524230       -40953     0.511038   380.952700     1.362768   170.346019     True    servico
 152   1200524230   1200524636     0.280742   113.382310     0.748644    93.580529     True    servico
 153   1200464853   1200524328     0.678578    62.287200     1.809541   226.192646     True    servico
 154   2723838939   2723838942     0.174487   150.553825     0.465299    58.162346    False    servico
 155   2723838939   2647883699     0.107942    38.712857     0.287844    35.980529    False    servico
 156   2723838939   2647883706     0.333111    23.948640     0.888296   111.037047    False    servico
 157   2723838942   2723838939     0.174487    73.906259     0.465299    58.162346    False    servico
 158   1200464892   1200466016     0.309737    38.712857     0.825964   103.245501     True    servico
 159   1200464892   1195865964     0.317133    68.720206     0.845688   105.711059     True    servico
 160   1215493130   2647883791     0.154183    70.361281     0.411155    51.394364     True    servico
 161   1215493130   1215493136     1.153073    34.208089     3.074860   384.357549     True    servico
 162   1215493136   1227355182     0.388653   255.828384     1.036408   129.550972     True    servico
 163   2587347987   2587347991     0.260511    86.229127     0.694696    86.837020    False    servico
 164   2587347987   1200524695     0.512508    57.798720     1.366689   170.836145     True    servico
 165   1200464915   1200465160     0.075658   113.708538     0.201755    25.219433     True    servico
 166   1227355158   1227355173     0.151004    16.786054     0.402678    50.334763     True    servico
 167   1227355158   1200465222     0.188469    33.502818     0.502583    62.822872     True    servico
 168   1227355159   1227355185     0.435149    41.814904     1.160397   145.049659    False    servico
 169   1227355159       -40981     0.081657    96.545053     0.217753    27.219166     True    servico
 170   2587347991   2587347987     0.260511    18.117077     0.694696    86.837020    False    servico
 171   2587347991   1200465031     0.128327    57.798720     0.342204    42.775550     True    servico
 172   2587347994   1036909039     0.297620     0.000000     0.793652    99.206527     True   passagem
 173   1215493147   1227355173     0.173069    66.031865     0.461517    57.689662     True    servico
 174   1215493147   1200465222     0.146241    38.398239     0.389977    48.747103     True    servico
 175   1227355173   2647883794     0.159768    32.446072     0.426048    53.255985     True    servico
 176   1227355173   1215493130     0.470741    35.447184     1.255309   156.913623     True    servico
 177   1227355175   1215493147     0.322855   104.441708     0.860947   107.618431     True    servico
 178   1227355175   1227355282     0.143163    71.630827     0.381767    47.720898     True    servico
 179   1200524328   1232303221     0.501907    31.763030     1.338418   167.302280     True    servico
 180   1200524328   1200465143     0.332424   111.356398     0.886463   110.807911     True    servico
 181   1200464936   1200465943     0.153632     0.000000     0.409685    51.210604     True   passagem
 182   1200464936   1200465297     0.079061     0.000000     0.210830    26.353775     True   passagem
 183   1227355178   1200464892     0.033631     0.000000     0.089683    11.210423     True   passagem
 184   1227355178   1195866036     0.590166     7.461658     1.573776   196.722017     True     BR-356
 185   1227355182       -44134     0.248617   130.938175     0.662979    82.872325     True    servico
 186   1227355182   1227355210     0.555483    55.159819     1.481288   185.160943     True    servico
 187   1227355185   1227355159     0.435149   123.243124     1.160397   145.049659    False    servico
 188   1227355185   1227355194     0.162021    96.545053     0.432057    54.007164     True    servico
 189   1200524344   1200569962     0.459403    35.947169     1.225075   153.134354     True    servico
 190   1227355193   1227355260     0.316830   101.926226     0.844880   105.609983     True    servico
 191   1227355193   1198360497     0.414601    70.294004     1.105604   138.200460     True    servico
 192   1227355194   1200465551     0.225909    91.986226     0.602423    75.302889    False    servico
 193   1227355194   1200465688     0.468227    50.121603     1.248607   156.075833     True    servico
 194   1227355207   1200569816     0.074484   103.884074     0.198623    24.827930     True    servico
 195   1227355210   1227355226     0.550578    16.525470     1.468207   183.525906     True    servico
 196   1227355210   1227355272     0.245642   122.154843     0.655044    81.880531    False    servico
 197   1200464982   1801769484     0.256298    54.499681     0.683463    85.432817     True    servico
 198   1227355223   1227355175     0.155697    56.864083     0.415191    51.898866     True    servico
 199   1227355223   1227355207     0.250690    34.543885     0.668506    83.563298     True    servico
 200   1227355226   2647883798     0.173463    55.619731     0.462568    57.821056     True    servico
 201   1227355226   5116534888     0.259935    38.485695     0.693161    86.645161     True    servico
 202   1200524381   1200524344     0.211180    57.671019     0.563146    70.393199     True    servico
 203   1200524381   1200465160     0.453564    46.853713     1.209505   151.188066     True    servico
 204   1200524395   1200524204     0.510785   100.630777     1.362093   170.261662     True    servico
 205   1232303221   1200465031     0.709362   113.326162     1.891632   236.454013    False    servico
 206   1232303221   1200524664     0.180698   157.383791     0.481862    60.232782     True    servico
 207   1227355258   1227355158     0.126168    40.090940     0.336448    42.055968     True    servico
 208   1227355258   1200465133     0.199220    27.992452     0.531254    66.406707     True    servico
 209   1227355260   1215508702     0.218645    44.200304     0.583052    72.881542     True    servico
 210   1227355260   1227355258     0.216106    48.509955     0.576282    72.035289     True    servico
 211   1217426562   1217426575     0.495869    47.946689     1.322318   165.289758     True    servico
 212   1217426562   1200569659     0.376852   110.016863     1.004940   125.617479     True    servico
 213   1200465031   1232303221     0.709362    83.610994     1.891632   236.454013    False    servico
 214   1200465031   2792912092     0.242915   157.383791     0.647774    80.971693     True    servico
 215   1217426568   1217426581     0.699150    53.894759     1.864401   233.050089     True    servico
 216   1217426568   1200569568     0.379549   155.118139     1.012131   126.516415     True    servico
 217   1227355272   1264454006     0.408320    84.209326     1.088853   136.106655    False    servico
 218   1227355272       -44134     0.525929    90.592589     1.402476   175.309554     True    servico
 219   1227355272   1227355210     0.245642   116.686039     0.655044    81.880531    False    servico
 220   1217426575   1264443178     0.381833    54.499681     1.018221   127.277580     True    servico
 221   1227355282   2647883795     0.252097    84.715957     0.672257    84.032177     True    servico
 222   1227355282   1200464915     0.264709    55.931817     0.705890    88.236292     True    servico
 223   1217426581   1217426562     0.507634    58.730076     1.353691   169.211429     True    servico
 224   1217426581   1200524725     0.367595   112.627127     0.980252   122.531526     True    servico
 225   1232303253   2587347987     0.033483    81.556984     0.089287    11.160870     True    servico
 226   1232303253   1232303282     0.924813     7.428675     2.466168   308.271003    False    servico
 227   1217426588   2647883784     0.151712   205.185180     0.404567    50.570831     True    servico
 228   1217426588   1801769475     0.046934    33.659945     0.125158    15.644772     True    servico
 229   1200465054   1200465985     0.088282    10.413160     0.235418    29.427228     True    servico
 230   1200465054   1200465158     0.108280    19.586763     0.288748    36.093447     True    servico
 231   1200524464   4387496301     0.216239    24.023799     0.576637    72.079567     True    servico
 232   1200524464   1198360473     0.631034    47.976160     1.682756   210.344506     True    servico
 233   1200524464   1195800543     0.473682   140.005303     1.263152   157.893978     True    servico
 234   1232303282   1200524695     0.389532   105.094232     1.038752   129.843979     True    servico
 235   1232303282   1232303253     0.924813    86.424152     2.466168   308.271003    False    servico
 236   1200465091   1200465470     0.232393   205.185180     0.619714    77.464229     True    servico
 237   1200465091   1198360329     0.525034    51.560191     1.400090   175.011266     True    servico
 238   1200465103   3218294979     0.495718   116.487499     1.321915   165.239422     True    servico
 239   2792912092   1200464853     0.303080   109.983359     0.808214   101.026734     True    servico
 240   2792912092   2792912113     0.285478    67.243394     0.761274    95.159216    False    servico
 241   1200465117   1200465969     0.379070    63.337974     1.010854   126.356794     True    servico
 242   1200465117   2647883795     0.289370    84.103082     0.771654    96.456800     True    servico
 243   1200569568       -40951     0.381381    64.201646     1.017017   127.127158     True    servico
 244   1200569568   1801769495     0.408762    84.615836     1.090032   136.253977     True    servico
 245   1200465133   1215508702     0.230957    90.690647     0.615885    76.985670     True    servico
 246   2792912113   2792912092     0.285478    51.241662     0.761274    95.159216    False    servico
 247   1200465143   1200466069     0.702456    63.337974     1.873216   234.152022     True    servico
 248   1200465143   2587347994     0.036711     0.000000     0.097897    12.237100     True   passagem
 249   1200465158       -40973     0.173246     8.145014     0.461989    57.748686     True    servico
 250   1200465158   1200465820     0.115589     0.000000     0.308239    38.529831     True   passagem
 251   1200465160   1227355175     0.245709    25.645456     0.655225    81.903147     True    servico
 252   1200465160   1227355207     0.148317    54.514735     0.395512    49.438942     True    servico
 253   2792912138   1200464982     0.074537    32.906560     0.198764    24.845529     True    servico
 254   2792912138   1200465297     0.022660     0.000000     0.060425     7.553186     True   passagem
 255   2466854158   1198360389     0.107636     5.027401     0.287029    35.878686     True    servico
 256   1200524560   2792912147     0.093800    23.880853     0.250134    31.266780     True    servico
 257   1200524560   1200465870     0.105359    20.811168     0.280958    35.119695     True    servico
 258   2792912147   1217426588     0.286390    23.375669     0.763707    95.463419     True    servico
 259   2466854166   2466854158     0.501340    63.540452     1.336907   167.113409     True    servico
 260   2466854166   1200465193     0.098823   111.230685     0.263529    32.941090     True    servico
 261   2466854168   2302508843     0.162352     0.000000     0.432938    54.117277     True   passagem
 262   2466854168   2466854175     0.058099     0.000000     0.154931    19.366376     True   passagem
 263   2466854175   1198360440     0.131741    12.890260     0.351310    43.913769     True    servico
 264   1200465193       -40955     1.207729    29.229005     3.220611   402.576417     True    servico
 265   1200465193   5117971126     0.100066   267.954863     0.266841    33.355183     True    servico
 266   1200569646   2591478059     0.431788    22.201210     1.151436   143.929495     True    servico
 267   2466854191   2466854168     0.434391     0.000000     1.158376   144.796959     True   passagem
 268   1200569659   1200524230     0.384829    96.376856     1.026211   128.276319     True    servico
 269   1200569659   1200569670     0.503899    85.380718     1.343730   167.966242    False    servico
 270   1200569659   1200569724     0.503380   111.798331     1.342347   167.793401    False    servico
 271   1200569670   1217426581     0.377370   111.683288     1.006320   125.790057     True    servico
 272   1200569670   1200569568     0.696771    83.725862     1.858055   232.256930     True    servico
 273   1200569670   1200569659     0.503899   154.590212     1.343730   167.966242    False    servico
 274   1200524614   1200524464     0.351129   111.798331     0.936344   117.042952     True    servico
 275   1200465222   1200465133     0.130863    77.903789     0.348969    43.621152     True    servico
 276   1200465222   1200465621     0.251165    29.034239     0.669774    83.721695     True    servico
 277   1200465234   1195800543     0.552596    55.725160     1.473590   184.198715     True    servico
 278   1200524636       -40999     0.260179   122.602665     0.693810    86.726258     True    servico
 279   2466854238   1215508703     1.052197    57.724997     2.805858   350.732218     True    servico
 280   2466854238   1198360286     0.162283   233.447364     0.432755    54.094372    False    servico
 281   1200465254   1200465870     0.111655    36.005214     0.297747    37.218322     True    servico
 282   1200465254   2792912147     0.180158     0.000000     0.480422    60.052708     True   passagem
 283   1200524659   1200524395     0.090437    39.971083     0.241164    30.145550     True    servico
 284   1200524659   1036905853     0.104395     0.000000     0.278386    34.798232     True   passagem
 285   1200524664   1200524713     0.592362    23.161703     1.579632   197.454014     True    servico
 286   1200524664   1264443221     0.322750   131.425392     0.860667   107.583377     True    servico
 287   1200569724   1217426575     0.359692    71.607496     0.959178   119.897212     True    servico
 288   1200569724   1200569659     0.503380    79.803584     1.342347   167.793401    False    servico
 289   1036905853   1198360479     0.952851     0.000000     2.540937   317.617159     True   passagem
 290   1200524676   2587347991     0.411106   211.405981     1.096283   137.035375     True    servico
 291   1200524676   1200524664     0.495101    91.210745     1.320270   165.033801     True    servico
 292   1200569742   1200464892     0.224008   109.846498     0.597355    74.669358     True    servico
 293   1200465297   1200465400     0.025903     0.000000     0.069075     8.634428     True   passagem
 294   1200465297   1200465943     0.086525     0.000000     0.230734    28.841768     True   passagem
 295   1200524690   1801769466     0.189169    19.197081     0.504450    63.056283     True    servico
 296   1200524690   1801769496     0.119085    41.970262     0.317560    39.695046     True    servico
 297   1200524695   1200524676     0.250249    26.421023     0.667330    83.416270     True    servico
 298   1200524695   1264443261     0.325319    55.521869     0.867517   108.439579     True    servico
 299   1200524708   1200524805     1.192248    72.177384     3.179327   397.415881     True    servico
 300   1200524713   1200465143     0.361698   264.520010     0.964528   120.566018     True    servico
 301   1200524715   1200524614     0.209182    80.248741     0.557820    69.727474     True    servico
 302   1200524715       -40947     0.620119    46.410606     1.653650   206.706253     True    servico
 303   1200524725   1264442912     0.626530   137.583682     1.670748   208.843451     True    servico
 304   1200524725   1200524856     0.701532   139.006201     1.870751   233.843853     True    servico
 305   1200569816   5116534887     0.144626   155.646469     0.385668    48.208508     True    servico
 306   1200569816   1200524344     0.418350    32.087583     1.115601   139.450165     True    servico
 307   1200465369   1801769481     0.353455    92.818030     0.942547   117.818390     True    servico
 308   1200465369   1801769482     0.136876    78.419920     0.365003    45.625340     True    servico
 309   1200465400   2792912138     0.040124    30.368227     0.106998    13.374782     True    servico
 310   1200465400   1200465592     0.067958     0.000000     0.181220    22.652538     True   passagem
 311   1200524805       -40939     0.284652    15.077530     0.759072    94.884011     True    servico
 312   1200524805   1200524636     0.486949    63.154797     1.298531   162.316436     True    servico
 313   1264442912   1200524713     0.330896   108.037820     0.882389   110.298672     True    servico
 314   1264442912   1264443221     0.545773    73.414796     1.455395   181.924330    False    servico
 315   1200524838   1237684054     0.348823   121.088834     0.930194   116.274241     True    servico
 316   1200524838   1195800444     0.705325    77.392135     1.880865   235.108168     True    servico
 317   1200524856   5117971130     0.146811   156.487996     0.391497    48.937074     True    servico
 318   1200524856   1217426568     0.378241    32.572517     1.008643   126.080402     True    servico
 319   1200524856   1200524560     0.408038    83.919115     1.088102   136.012758     True    servico
 320   1200465470   1801769472     0.319126    90.530092     0.851002   106.375220     True    servico
 321   2466831972       -40953     1.014043    70.803347     2.704116   338.014443     True    servico
 322   1200569962   1200465541     0.211345   224.982413     0.563586    70.448232     True    servico
 323   1200569962   1198360323     0.562825    46.890343     1.500867   187.608316     True    servico
 324   1200465522   1237684093     0.350648   124.872095     0.935062   116.882714     True    servico
 325   1200465522       -40979     0.292781    77.797134     0.780748    97.593532     True    servico
 326   1200465541   1200465234     0.574425    64.958255     1.531799   191.474882     True    servico
 327   1200465541   1200524381     0.459939   127.445681     1.226505   153.313090     True    servico
 328   1200465551   1227355194     0.225909   102.045193     0.602423    75.302889    False    servico
 329   1200465551   1200466016     0.187647    50.121603     0.500392    62.549032     True    servico
 330   1200465568   2647883802     0.241471    41.632636     0.643922    80.490243     True    servico
 331   1200465568   1200465551     1.403595    53.574306     3.742921   467.865143     True    servico
 332   1200465592   1200465820     0.213491   311.411039     0.569309    71.163590     True    servico
 333   1200465600   1801769486     0.306525    47.366485     0.817401   102.175094     True    servico
 334   1200465621   1227355282     0.376732    68.007743     1.004619   125.577437     True    servico
 335   1200465621   1200465117     0.171968    83.584342     0.458581    57.322608     True    servico
 336   1198360286   1227355260     0.443057    38.153928     1.181486   147.685789     True    servico
 337   1198360286   2466854238     0.162283    98.299661     0.432755    54.094372    False    servico
 338   1198360286   1198360497     0.305664    36.005214     0.815103   101.887924     True    servico
 339   1264443117   1200524676     0.332852    67.816602     0.887604   110.950524     True    servico
 340   1264443117   1264443221     0.502468    73.848669     1.339914   167.489296    False    servico
 341   1264443117   1264443261     0.249891   111.480876     0.666375    83.296902    False    servico
 342   1198360312       -40991     0.559510    55.442418     1.492028   186.503477     True    servico
 343   1198360323   2591478053     0.293258   124.136714     0.782021    97.752613     True    servico
 344   1198360323   1198360312     0.378821    65.064139     1.010190   126.273725     True    servico
 345   1198360329   1200524614     0.620434    84.047791     1.654490   206.811255     True    servico
 346   1198360329   1198360473     0.358548   137.653571     0.956127   119.515904     True    servico
 347   1264443155   1200464853     0.244817    79.549786     0.652845    81.605605     True    servico
 348   1264443155       -40977     0.023068     0.000000     0.061513     7.689184    False   passagem
 349   1264443155   1232303253     0.727550     5.117921     1.940133   242.516590     True    servico
 350   1200465688   1227355159     0.317829   161.419042     0.847544   105.943051     True    servico
 351   1200465688       -40987     0.366608    70.515695     0.977621   122.202627     True    servico
 352   2302508841   1801769468     0.145618    81.338069     0.388314    48.539215     True    servico
 353   1264443178       -40957     0.297107    32.307702     0.792285    99.035676     True    servico
 354   1264443178   1200524725     1.005268    65.918146     2.680714   335.089277     True    servico
 355   2302508843   1036906383     0.076522     0.000000     0.204058    25.507262     True   passagem
 356   2302508843   2302508841     0.064751     0.000000     0.172669    21.583619     True   passagem
 357   1195865902   1801769455     0.333883    14.366057     0.890354   111.294293     True    servico
 358   1195865902   1200465369     0.190017    74.077482     0.506711    63.338912     True    servico
 359   1198360377   2302508841     0.030967    42.158380     0.082578    10.322237     True    servico
 360   1198360377   1036906383     0.078489     0.000000     0.209304    26.163028     True   passagem
 361   1198360389   1200465400     0.108118    17.414111     0.288316    36.039471     True    servico
 362   1198360389   1200465592     0.106555    23.987872     0.284147    35.518434     True    servico
 363   1195865928   1200524715     0.477550    23.641070     1.273467   159.183338     True    servico
 364   1195865928   1200465522     0.691158   105.952430     1.843087   230.385840     True    servico
 365   1264443221       -40955     0.329557   153.344815     0.878818   109.852233     True    servico
 366   1264443221   1264442912     0.545773    73.117646     1.455395   181.924330    False    servico
 367   1264443221   1264443117     0.502468   121.088834     1.339914   167.489296    False    servico
 368   1237684054   1237684070     0.490518   111.480876     1.308048   163.505991     True    servico
 369   1237684054   1237684084     0.123665   108.829588     0.329772    41.221551     True    servico
 370   1237684063   5117971137     0.218433    27.437064     0.582489    72.811082    False    servico
 371   1237684063   1237684083     0.346723    48.463056     0.924596   115.574443    False    servico
 372   1237684063   1237684093     0.409154    76.926350     1.091077   136.384587    False    servico
 373   1237684063   1237684066     0.639981    90.777581     1.706617   213.327118    False    servico
 374   1198360416   2647883799     0.210448   141.990530     0.561194    70.149255     True    servico
 375   1198360416   1200465568     0.522920    46.691344     1.394454   174.306727     True    servico
 376   1237684066       -40951     0.346742   116.018558     0.924646   115.580760     True    servico
 377   1237684066   1237684063     0.639981    76.930554     1.706617   213.327118    False    servico
 378   1198360418   1195865902     0.208035   141.990530     0.554759    69.344858     True    servico
 379   1198360418   1198360377     0.137037    46.155938     0.365432    45.678982     True    servico
 380   1237684070   1200524838     0.727758    30.403930     1.940689   242.586088     True     BR-356
 381   1237684071   1237684054     0.542277   161.465300     1.446072   180.759057     True    servico
 382   1237684071   1237684106     0.143900   120.313228     0.383732    47.966544     True    servico
 383   1237684072   1195741681     0.159164    31.926532     0.424436    53.054554     True     BR-356
 384   1237684072   1237684091     0.480177    35.313111     1.280471   160.058886    False    servico
 385   1195865964       -40981     0.457746   106.535195     1.220657   152.582092     True    servico
 386   1195865964   1227355185     0.096217   101.558640     0.256578    32.072200     True    servico
 387   1198360429   2466854238     0.298862    21.347256     0.796966    99.620793     True    servico
 388   1198360429   1200524659     0.786588    66.307600     2.097569   262.196097     True    servico
 389   1195800433   1195800553     0.258168   174.517722     0.688449    86.056136     True    servico
 390   1237684083       -40943     0.318323    57.278964     0.848862   106.107749    False    servico
 391   1237684083   1200465522     0.422228    70.625318     1.125941   140.742635     True    servico
 392   1237684083   1237684063     0.346723    93.678298     0.924596   115.574443    False    servico
 393   1237684084   1195741600     0.126162    76.926350     0.336433    42.054146     True    servico
 394   1237684084   1237684106     0.499909    27.991240     1.333090   166.636213     True    servico
 395   1237684086   1237684107     0.386942   110.913064     1.031846   128.980782    False    servico
 396   1237684086       -40989     0.277029    85.849608     0.738745    92.343144     True    servico
 397   1237684088   1237684072     0.132436    61.463597     0.353162    44.145282     True     BR-356
 398   1237684088   1237684109     0.475639    29.383100     1.268371   158.546435     True    servico
 399   1198360440   2647883774     0.298606   105.528507     0.796283    99.535398     True    servico
 400   1198360440   1200465894     0.330667    66.250761     0.881778   110.222206     True    servico
 401   1237684091   1237684072     0.480177    73.363901     1.280471   160.058886    False    servico
 402   1237684091   1237684109     0.140724   106.535195     0.375263    46.907903     True    servico
 403   1195800444   2466831972     0.094229    31.221901     0.251277    31.409571     True    servico
 404   1195800444   1195800514     0.163357    20.906210     0.435619    54.452402     True    servico
 405   1195800444   1200524708     0.508564    36.243519     1.356171   169.521370     True    servico
 406   1264443261       -40959     0.315365   112.833424     0.840975   105.121820     True    servico
 407   1264443261   1264443117     0.249891    69.969083     0.666375    83.296902    False    servico
 408   1237684093   1237684063     0.409154    55.442418     1.091077   136.384587    False    servico
 409   1237684093   1195800492     0.158892    90.777581     0.423711    52.963847     True    servico
 410   1237684106       -40979     0.104670    35.252737     0.279119    34.889901     True    servico
 411   1237684107   1195865928     0.249047    23.222718     0.664126    83.015811     True    servico
 412   1237684107   1237684086     0.386942    55.255324     1.031846   128.980782    False    servico
 413   1237684109   1202909963     0.303620    85.849608     0.809654   101.206781     True    servico
 414   1237684109   1195800546     0.413511    67.363233     1.102695   137.836865     True    servico
 415   1036906383       -40975     0.193136     0.000000     0.515029    64.378614     True   passagem
 416   1237684119       -40943     0.265868    42.850405     0.708982    88.622772    False    servico
 417   1237684119       -40983     0.829027    58.987317     2.210740   276.342481     True    servico
 418   1198360473   1200465969     0.431259   183.933555     1.150024   143.752998     True    servico
 419   1198360473   1198360416     0.455689    95.681995     1.215170   151.896246     True    servico
 420   1200465820   1200465985     0.113052   101.102142     0.301473    37.684105     True    servico
 421   1198360479   2466854191     0.629543     0.000000     1.678781   209.847681     True   passagem
 422   1200465829   1200569646     0.375532   139.674616     1.001417   125.177182     True    servico
 423   1200465829   1200569742     0.234487    83.317933     0.625300    78.162481     True    servico
 424   1195800492   2466831972     0.185519    52.024947     0.494717    61.839632     True    servico
 425   1195800492   1195800444     0.193406    41.160459     0.515749    64.468638     True    servico
 426   1195800492   1195800514     0.174681    42.910326     0.465816    58.227037     True    servico
 427   2647883699   2723838939     0.107942    38.755916     0.287844    35.980529    False    servico
 428   1195866036   1200569646     0.176914    23.948640     0.471771    58.971335     True    servico
 429   1195866036   1200569742     0.359689    39.251321     0.959170   119.896235     True    servico
 430   1198360497   1198360429     0.154683    79.802934     0.412489    51.561128     True    servico
 431   1198360497   1198360479     0.044630    34.319087     0.119014    14.876718     True    servico
 432   2647883706   1200465193     0.372789     9.901944     0.994104   124.263010     True    servico
 433   2647883706   2723838939     0.333111    82.709460     0.888296   111.037047    False    servico
 434   1195800514   1237684071     0.317334    73.906259     0.846224   105.777968     True    servico
 435   1200465870   1801769443     0.103822    70.405816     0.276859    34.607318     True    servico
 436   1200465870   1200465054     0.196048    23.034631     0.522794    65.349238     True    servico
 437   1195866064   1264454006     0.370810    43.496453     0.988826   123.603235    False    servico
 438   1195866064       -40991     0.550615    82.270313     1.468305   183.538181     True    servico
 439       -40999   1200524708     0.513512   122.163013     1.369365   171.170638     True    servico
 440       -40999       -40997     0.490551   113.931176     1.308136   163.516988     True    servico
 441       -40993   1227355226     0.251766   108.836907     0.671376    83.921955     True    servico
 442       -40993   1227355272     0.544041    55.858454     1.450776   181.347028     True    servico
 443   1195800543   1237684107     0.279340   120.704582     0.744906    93.113222     True    servico
 444   1195800543       -40989     0.396810    61.976160     1.058159   132.269930     True    servico
 445       -40991   1200569962     0.390308    88.038865     1.040822   130.102697     True    servico
 446       -40991       -40993     0.824097    86.596355     2.197593   274.699146     True    servico
 447   1195800546       -40983     0.198925   182.839752     0.530465    66.308169     True    servico
 448       -40989   1200465957     0.196542    44.134717     0.524112    65.514047     True    servico
 449       -40989       -40987     0.562872    43.606150     1.500993   187.624096     True    servico
 450       -40987   1200465234     0.493806   124.882598     1.316816   164.601968     True    servico
 451       -40987   1200465912     0.660717   109.559070     1.761912   220.238999     True    servico
 452   1200465894   1227355193     0.208149   146.591078     0.555064    69.383059     True    servico
 453   1200465894   2466854191     0.063392     0.000000     0.169046    21.130782     True   passagem
 454       -40985   1195865928     0.366310    14.064648     0.976826   122.103279     True    servico
 455       -40985   1237684086     0.245987    81.271943     0.655966    81.995805     True    servico
 456   1195800553   1200465470     0.233514    54.576408     0.622704    77.838008     True    servico
 457       -40983   1202909963     0.377560    51.808978     1.006826   125.853199     True    servico
 458       -40983       -40985     0.105438    83.767889     0.281169    35.146118     True    servico
 459       -40981   1200465103     0.615032    23.393256     1.640084   205.010532     True    servico
 460       -40979   1195741600     0.474738   136.455010     1.265969   158.246146     True    servico
 461       -40979   1195800546     0.381454   105.328635     1.017210   127.151260     True    servico
 462       -40977   1264443155     0.023068     0.000000     0.061513     7.689184    False   passagem
 463       -40975   1200466053     0.085741     0.000000     0.228642    28.580296    False   passagem
 464       -40975   1200464936     0.550343     0.000000     1.467581   183.447625     True   passagem
 465       -40973   2792912138     0.077636     0.000000     0.207029    25.878627     True   passagem
 466       -40973   1200464982     0.088881     0.000000     0.237015    29.626873     True   passagem
 467   1200465912   1200465541     0.568005    19.719647     1.514680   189.335052     True    servico
 468   1200465912   1198360323     0.219907   126.021411     0.586420    73.302450     True    servico
 469   2647883773   1801769465     0.147506    48.790111     0.393349    49.168672    False    servico
 470   2647883773   1801769479     0.168702    32.726668     0.449873    56.234080    False    servico
 471   2647883773   2647883774     0.181050    37.429404     0.482800    60.350044    False    servico
 472   2647883774   2647883776     0.259327    40.168989     0.691538    86.442243    False    servico
 473   2647883774   1215508704     0.140271    57.535957     0.374056    46.757026     True    servico
 474   2647883774   2647883773     0.181050    31.121476     0.482800    60.350044    False    servico

  id           no  demanda       CS
   0   1237684070      580        6
   1   1195800514      650        5
   2   1195800543      729        5
