  id            u            v           CA      demanda           CS       length   oneway     status
   0   2647883776   2647883774     0.259326    57.535795     0.691536    86.442000    False    servico
   1   2647883776   1200465894     0.178227    39.542630     0.475272    59.409000     True    servico
   2   2647883784   1801769458     0.254616    56.490803     0.678976    84.872000     True    servico
   3   1215493130   2647883791     0.154182    34.207846     0.411152    51.394000     True    servico
   4   1215493130   1215493136     1.153074   255.828685     3.074864   384.358000     True    servico
   5   2647883791   1215470397     0.124749    27.677645     0.332664    41.583000     True    servico
   6   2647883791   1227355158     0.457782   101.566566     1.220752   152.594000     True    servico
   7   1215493136   1215550235     0.533787   118.429542     1.423432   177.929000     True    servico
   8   1215493136   1227355182     0.388653    86.229146     1.036408   129.551000     True    servico
   9   2647883794   1227355223     0.166017    36.833638     0.442712    55.339000     True    servico
  10   2647883794   2647883798     0.476604   105.742541     1.270944   158.868000    False    servico
  11   2647883795   1198360416     0.232608    51.607962     0.620288    77.536000     True    servico
  12   2587347987   1200524695     0.512508   113.708442     1.366688   170.836000     True    servico
  13   2587347987   2587347991     0.260511    57.798707     0.694696    86.837000    False    servico
  14   1200464915   1200465160     0.075657    16.785766     0.201752    25.219000     True    servico
  15   2647883798   1215493130     0.164196    36.429619     0.437856    54.732000     True    servico
  16   2647883798   2647883794     0.476604   105.742541     1.270944   158.868000    False    servico
  17   1200465943   1269518815     0.532494     0.000000     1.419984   177.498000     True   passagem
  18   2647883799   1200464915     0.132855    29.476096     0.354280    44.285000     True    servico
  19   1227355158   1200465222     0.188469    41.814989     0.502584    62.823000     True    servico
  20   1227355158   1227355173     0.151005    33.502976     0.402680    50.335000     True    servico
  21   2647883802   1200524381     0.218790    48.542208     0.583440    72.930000     True    servico
  22   2647883802   2647883799     0.487053   108.060826     1.298808   162.351000     True    servico
  23   2587347991   1200465031     0.128328    28.471706     0.342208    42.776000     True    servico
  24   2587347991   2587347987     0.260511    57.798707     0.694696    86.837000    False    servico
  25   1227355159   1227355185     0.435150    96.545280     1.160400   145.050000    False    servico
  26   1227355159       -39024     0.081657    18.116966     0.217752    27.219000     True    servico
  27   2587347994   1036909039     0.297621     0.000000     0.793656    99.207000     True   passagem
  28   1215493147   1200465222     0.146241    32.446003     0.389976    48.747000     True    servico
  29   1215493147   1227355173     0.173070    38.398464     0.461520    57.690000     True    servico
  30   1200465957   1200465688     0.600141   133.151283     1.600376   200.047000     True    servico
  31   1200465957   1200465103     0.582288   129.190298     1.552768   194.096000     True    servico
  32   1227355173   1215493130     0.470742   104.441958     1.255312   156.914000     True    servico
  33   1227355173   2647883794     0.159768    35.447194     0.426048    53.256000     True    servico
  34   1227355175   1215493147     0.322854    71.630541     0.860944   107.618000     True    servico
  35   1227355175   1227355282     0.143163    31.763098     0.381768    47.721000     True    servico
  36   1200524328   1200465143     0.332424    73.753805     0.886464   110.808000     True    servico
  37   1200524328   1232303221     0.501906   111.356211     1.338416   167.302000     True    servico
  38   1200464936   1200465943     0.153633     0.000000     0.409688    51.211000     True   passagem
  39   1200464936   1200465297     0.079062     0.000000     0.210832    26.354000     True   passagem
  40   1227355178   1200464892     0.033633     0.000000     0.089688    11.211000     True   passagem
  41   1227355178   1195866036     0.590166   130.938163     1.573776   196.722000     True     BR-356
  42   1227355177   1227355215     0.298611    66.251827     0.796296    99.537000    False    servico
  43   1227355177   2591478059     0.142776    31.677235     0.380736    47.592000     True    servico
  44   1227355182   1227355210     0.555483   123.243162     1.481288   185.161000     True    servico
  45   1227355182       -39072     0.252600    56.043520     0.673600    84.200000     True    servico
  46   1200465969   1801769467     0.183924    40.806605     0.490464    61.308000     True    servico
  47   1200465969   1200465091     0.360168    79.909274     0.960448   120.056000     True    servico
  48   1227355185   1227355159     0.435150    96.545280     1.160400   145.050000    False    servico
  49   1227355185   1227355194     0.162021    35.947059     0.432056    54.007000     True    servico
  50   1200524344   1200569962     0.459402   101.925990     1.225072   153.134000     True    servico
  51   1227355193   1198360497     0.414600    91.985920     1.105600   138.200000     True    servico
  52   1227355193   1227355260     0.316830    70.294016     0.844880   105.610000     True    servico
  53   1227355194   1200465551     0.225909    50.121677     0.602424    75.303000    False    servico
  54   1227355194   1200465688     0.468228   103.884186     1.248608   156.076000     True    servico
  55   1200465985   2466854166     0.334656    74.249011     0.892416   111.552000     True    servico
  56   1200465985   1200524560     0.210390    46.678528     0.561040    70.130000     True    servico
  57   1227355207   1200569816     0.074484    16.525517     0.198624    24.828000     True    servico
  58   1227355210   1227355226     0.550578   122.154906     1.468208   183.526000     True    servico
  59   1227355210   1227355272     0.245643    54.499994     0.655048    81.881000    False    servico
  60   1227355215       -39062     0.116640    25.878528     0.311040    38.880000    False    servico
  61   1227355215   1227355177     0.298611    66.251827     0.796296    99.537000    False    servico
  62   1227355215   1227355230     1.088853   241.580186     2.903608   362.951000    False    servico
  63   1200464982   1801769484     0.256299    56.864205     0.683464    85.433000     True    servico
  64   1227355223   1227355207     0.250689    55.619533     0.668504    83.563000     True    servico
  65   1227355223   1227355175     0.155697    34.543974     0.415192    51.899000     True    servico
  66   1227355226   2647883798     0.173463    38.485658     0.462568    57.821000     True    servico
  67   1227355226   5116534888     0.259935    57.670912     0.693160    86.645000     True    servico
  68   1200524381   1200465160     0.453564   100.630733     1.209504   151.188000     True    servico
  69   1200524381   1200524344     0.211179    46.853581     0.563144    70.393000     True    servico
  70   1227355230       -39034     0.295470    65.554944     0.787920    98.490000     True    servico
  71   1227355230   1227355215     1.088853   241.580186     2.903608   362.951000    False    servico
  72   1200466016   1200465912     0.484263   107.441818     1.291368   161.421000     True    servico
  73   1200466016   1200465829     0.247287    54.864742     0.659432    82.429000     True    servico
  74   5116534887       -39036     0.268305    59.527936     0.715480    89.435000     True    servico
  75   5116534887   5116534888     0.258702    57.397350     0.689872    86.234000    False    servico
  76   5116534888   1227355223     0.223002    49.476710     0.594672    74.334000     True    servico
  77   5116534888   5116534887     0.258702    57.397350     0.689872    86.234000    False    servico
  78   1200524395   1200524204     0.510786   113.326387     1.362096   170.262000     True    servico
  79   1232303221   1200465031     0.709362   157.383782     1.891632   236.454000    False    servico
  80   1232303221   1200524664     0.180696    40.090419     0.481856    60.232000     True    servico
  81   1227355258   1200465133     0.199221    44.200499     0.531256    66.407000     True    servico
  82   1227355258   1227355158     0.126168    27.992474     0.336448    42.056000     True    servico
  83   1227355260   1215508702     0.218646    48.510259     0.583056    72.882000     True    servico
  84   1227355260   1227355258     0.216105    47.946496     0.576280    72.035000     True    servico
  85   1227355263       -39008     1.166688   258.849178     3.111168   388.896000    False    servico
  86   1227355263   1195866064     0.122577    27.195750     0.326872    40.859000     True    servico
  87   1217426562   1200569659     0.376851    83.610675     1.004936   125.617000     True    servico
  88   1217426562   1217426575     0.495870   110.017024     1.322320   165.290000     True    servico
  89   1200466053       -39018     0.085740     0.000000     0.228640    28.580000    False   passagem
  90   1200466053   1198360418     0.174459    38.706637     0.465224    58.153000     True    servico
  91   1200466053   1200465369     0.218349    48.444365     0.582264    72.783000     True    servico
  92   1200465031   1232303221     0.709362   157.383782     1.891632   236.454000    False    servico
  93   1200465031   2792912092     0.242913    53.894298     0.647768    80.971000     True    servico
  94   1217426568   1217426581     0.699150   155.118080     1.864400   233.050000     True    servico
  95   1217426568   1200569568     0.379548    84.209050     1.012128   126.516000     True    servico
  96   1227355272   1227355210     0.245643    54.499994     0.655048    81.881000    False    servico
  97   1227355272   1264454006     0.408321    90.592819     1.088856   136.107000    False    servico
  98   1227355272       -39072     0.529740   117.531648     1.412640   176.580000     True    servico
  99   1217426575   1264443178     0.381834    84.716237     1.018224   127.278000     True    servico
 100   1217426575   1264443010     0.245544    54.478029     0.654784    81.848000     True    servico
 101   1227355282   1200464915     0.264708    58.729882     0.705888    88.236000     True    servico
 102   1227355282   2647883795     0.252096    55.931699     0.672256    84.032000     True    servico
 103   1200466069   2647883706     0.269901    59.882035     0.719736    89.967000     True    servico
 104   1200466069   2466854158     0.377283    83.706522     1.006088   125.761000     True    servico
 105   1217426581   1200524725     0.361158    80.128922     0.963088   120.386000     True    servico
 106   1217426581   1217426562     0.507633   112.626842     1.353688   169.211000     True    servico
 107   1232303253   2587347987     0.033483     7.428762     0.089288    11.161000     True    servico
 108   1232303253   1232303282     0.924813   205.185178     2.466168   308.271000    False    servico
 109   1200524442   1200524708     0.256638    56.939418     0.684368    85.546000     True    servico
 110   1200524442   1200524741     0.729069   161.756109     1.944184   243.023000     True    servico
 111   1217426588   2647883784     0.151713    33.660058     0.404568    50.571000     True    servico
 112   1217426588   1801769475     0.046935    10.413312     0.125160    15.645000     True    servico
 113   1200465054   1200465158     0.108279    24.023501     0.288744    36.093000     True    servico
 114   1200465054   1200465985     0.088281    19.586611     0.235416    29.427000     True    servico
 115   3221145773   3218294983     0.111477     0.000000     0.297272    37.159000     True   passagem
 116   3221145773   1195741617     0.032601     7.233075     0.086936    10.867000     True    servico
 117   1200524464   1198360473     0.631032   140.004966     1.682752   210.344000     True    servico
 118   1200524464   1195800543     0.473682   105.094246     1.263152   157.894000     True    servico
 119   1200524464   4387496301     0.216240    47.976448     0.576640    72.080000     True    servico
 120   1232303282   1200524695     0.389532    86.424166     1.038752   129.844000     True    servico
 121   1232303282   1232303253     0.924813   205.185178     2.466168   308.271000    False    servico
 122   3218294973   1237684088     0.425448    94.392730     1.134528   141.816000     True     BR-356
 123   3218294973   3221145773     0.044073     0.000000     0.117528    14.691000     True   passagem
 124   3218294979   3218294973     0.108288     0.000000     0.288768    36.096000     True   passagem
 125   3218294979       -39028     0.813408   180.468122     2.169088   271.136000     True    servico
 126   1200465091   1200465470     0.232392    51.560038     0.619712    77.464000     True    servico
 127   1200465091   1198360329     0.525033   116.487322     1.400088   175.011000     True    servico
 128   3218294983   1227355178     1.884297   418.062694     5.024792   628.099000     True     BR-356
 129   3218294983   3218294979     0.045267     0.000000     0.120712    15.089000     True   passagem
 130   1200465103   3218294979     0.495717   109.983078     1.321912   165.239000     True    servico
 131   2792912092   1200464853     0.303081    67.243571     0.808216   101.027000     True    servico
 132   2792912092   2792912113     0.285477    63.337830     0.761272    95.159000    False    servico
 133   1200465117   2647883795     0.289371    64.201779     0.771656    96.457000     True    servico
 134   1200465117   1200465969     0.379071    84.103219     1.010856   126.357000     True    servico
 135   1215508702   1215508704     0.246243    54.633114     0.656648    82.081000     True    servico
 136   1215508702   2647883776     0.133317    29.578598     0.355512    44.439000     True    servico
 137   1215508703   1200524204     0.804612   178.516582     2.145632   268.204000    False    servico
 138   1215508703   1215470404     0.199638    44.293018     0.532368    66.546000    False    servico
 139   1215508704   1801769465     0.190242    42.208358     0.507312    63.414000     True    servico
 140   1215508704   1200465621     0.467202   103.656550     1.245872   155.734000     True    servico
 141   1200569568       -38994     0.381381    84.615731     1.017016   127.127000     True    servico
 142   1200569568   1801769495     0.408762    90.690662     1.090032   136.254000     True    servico
 143   1200465133   1215508702     0.230958    51.241882     0.615888    76.986000     True    servico
 144   2792912113   2792912092     0.285477    63.337830     0.761272    95.159000    False    servico
 145   1200465143   2587347994     0.036711     0.000000     0.097896    12.237000     True   passagem
 146   1200465143   1200466069     0.702456   155.851571     1.873216   234.152000     True    servico
 147   1200465158       -39016     0.173247    38.437734     0.461992    57.749000     True    servico
 148   1200465158   1200465820     0.115590     0.000000     0.308240    38.530000     True   passagem
 149   1200465160   1227355175     0.245709    54.514637     0.655224    81.903000     True    servico
 150   1200465160   1227355207     0.148317    32.906598     0.395512    49.439000     True    servico
 151   2792912138   1200464982     0.074535    16.536832     0.198760    24.845000     True    servico
 152   2792912138   1200465297     0.022659     0.000000     0.060424     7.553000     True   passagem
 153   2466854158   1198360389     0.107637    23.881062     0.287032    35.879000     True    servico
 154   1200524560   2792912147     0.093801    20.811315     0.250136    31.267000     True    servico
 155   1200524560   1200465870     0.105360    23.375872     0.280960    35.120000     True    servico
 156   2792912147   1217426588     0.286389    63.540173     0.763704    95.463000     True    servico
 157   2466854166   1200465193     0.098823    21.925530     0.263528    32.941000     True    servico
 158   2466854166   2466854158     0.501339   111.230413     1.336904   167.113000     True    servico
 159   2466854168   1036906383     0.238872     0.000000     0.636992    79.624000     True   passagem
 160   2466854168   2466854175     0.058101     0.000000     0.154936    19.367000     True   passagem
 161   1201622968   1201623021     0.057432    12.742246     0.153152    19.144000     True    servico
 162   2466854175   1198360440     0.131742    29.229158     0.351312    43.914000     True    servico
 163   2591478053   1200465829     0.308967    68.549478     0.823912   102.989000     True    servico
 164   2591478053   2591478059     0.368850    81.835520     0.983600   122.950000    False    servico
 165   1200465193   5117971127     0.112497    24.959334     0.299992    37.499000     True    servico
 166   1200465193       -39074     0.683622   151.672934     1.822992   227.874000     True    servico
 167   2591478059   1198360312     0.298617    66.253158     0.796312    99.539000     True    servico
 168   2591478059   2591478053     0.368850    81.835520     0.983600   122.950000    False    servico
 169   1200569646   1227355177     0.289014    64.122573     0.770704    96.338000     True    servico
 170   1200569646       -39056     0.382173    84.791450     1.019128   127.391000     True    servico
 171   2466854191   2466854168     0.434391     0.000000     1.158376   144.797000     True   passagem
 172   1200524602   1200524741     0.232644    51.615949     0.620384    77.548000     True    servico
 173   1200569659   1200524230     0.384828    85.380506     1.026208   128.276000     True    servico
 174   1200569659   1200569670     0.503898   111.798170     1.343728   167.966000    False    servico
 175   1200569659   1200569724     0.503379   111.683021     1.342344   167.793000    False    servico
 176   1200569670   1217426581     0.377370    83.725824     1.006320   125.790000     True    servico
 177   1200569670   1200569659     0.503898   111.798170     1.343728   167.966000    False    servico
 178   1200569670   1200569568     0.696771   154.590259     1.858056   232.257000     True    servico
 179   1200524614   1200524464     0.351129    77.903821     0.936344   117.043000     True    servico
 180   1200465222   1200465133     0.130863    29.034138     0.348968    43.621000     True    servico
 181   1200465222   1200465621     0.251166    55.725363     0.669776    83.722000     True    servico
 182   1036906383       -39018     0.193137     0.000000     0.515032    64.379000     True   passagem
 183   1200465234   1195800543     0.552597   122.602854     1.473592   184.199000     True    servico
 184   1200524636       -39042     0.260178    57.724826     0.693808    86.726000     True    servico
 185   2466854238   1215508703     1.052196   233.447219     2.805856   350.732000     True    servico
 186   2466854238   1198360286     0.162282    36.004966     0.432752    54.094000    False    servico
 187   1200465254   1200465870     0.111654    24.772301     0.297744    37.218000     True    servico
 188   1200465254   2792912147     0.180156     0.000000     0.480416    60.052000     True   passagem
 189   1264453991   1264454006     0.476955   105.820416     1.271880   158.985000    False    servico
 190   1264453991       -39004     0.340047    75.445094     0.906792   113.349000     True    servico
 191   4387496301   1200465568     0.337905    74.969856     0.901080   112.635000     True    servico
 192   4387496301   4387496303     0.233928    51.900826     0.623808    77.976000    False    servico
 193   4387496303   4387496301     0.233928    51.900826     0.623808    77.976000    False    servico
 194   1200524659   1200524395     0.090435    20.064512     0.241160    30.145000     True    servico
 195   1200524659   1036905853     0.104394     0.000000     0.278384    34.798000     True   passagem
 196   1264454006   1227355272     0.408321    90.592819     1.088856   136.107000    False    servico
 197   1264454006   1195866064     0.370809    82.270157     0.988824   123.603000    False    servico
 198   1264454006   1264453991     0.476955   105.820416     1.271880   158.985000    False    servico
 199   1200524664   1264443221     0.322749    71.607245     0.860664   107.583000     True    servico
 200   1200524664   1200524713     0.592362   131.425382     1.579632   197.454000     True    servico
 201   1200569724   1217426575     0.359691    79.803443     0.959176   119.897000     True    servico
 202   1200569724   1200569659     0.503379   111.683021     1.342344   167.793000    False    servico
 203   1200569724       -39044     0.756198   167.775130     2.016528   252.066000    False    servico
 204   1036905853   1198360479     0.952851     0.000000     2.540936   317.617000     True   passagem
 205   1200524671       -38984     0.848469   188.246989     2.262584   282.823000     True    servico
 206   1200524671       -39054     0.257451    57.119795     0.686536    85.817000     True    servico
 207   1200524676   2587347991     0.411105    91.210496     1.096280   137.035000     True    servico
 208   1200524676   1200524664     0.495102   109.846630     1.320272   165.034000     True    servico
 209   1200569742   1200464892     0.224007    49.699686     0.597352    74.669000     True    servico
 210   1200465297   1200465400     0.025902     0.000000     0.069072     8.634000     True   passagem
 211   1200465297   1200465943     0.086526     0.000000     0.230736    28.842000     True   passagem
 212   1200524690   1801769496     0.119085    26.420992     0.317560    39.695000     True    servico
 213   1200524690   1801769466     0.189168    41.970074     0.504448    63.056000     True    servico
 214   1200524695   1264443261     0.325320    72.177664     0.867520   108.440000     True    servico
 215   1200524695   1200524676     0.250248    55.521690     0.667328    83.416000     True    servico
 216   1195741600   1195741681     0.480282   106.558566     1.280752   160.094000     True    servico
 217   1195741600   1237684091     0.192939    42.806733     0.514504    64.313000     True    servico
 218   1200524705       -39050     0.414807    92.031846     1.106152   138.269000    False    servico
 219   1200524705   1200524602     0.073704    16.352461     0.196544    24.568000     True    servico
 220   1200524708   1200524602     0.770667   170.985318     2.055112   256.889000     True    servico
 221   1200524708       -38984     0.496584   110.175437     1.324224   165.528000     True    servico
 222   1200524713   1200465143     0.361698    80.248730     0.964528   120.566000     True    servico
 223   1200524715   1200524614     0.209181    46.410291     0.557816    69.727000     True    servico
 224   1200524715       -38990     0.619743   137.500314     1.652648   206.581000     True    servico
 225   1195741617   2793927570     0.184455    40.924416     0.491880    61.485000     True    servico
 226   1195741617   1195741673     0.254499     0.000000     0.678664    84.833000     True   passagem
 227   1200524725       -39074     0.276882    61.430886     0.738352    92.294000     True    servico
 228   1200524725   1200524856     0.687810   152.602112     1.834160   229.270000     True    servico
 229   1036902846   1036905853     0.098553     0.000000     0.262808    32.851000     True   passagem
 230   1036902846   1200524395     0.104301    23.140915     0.278136    34.767000     True    servico
 231   1200524741   1200524838     0.245745    54.522624     0.655320    81.915000     True    servico
 232   1200524741   1195741700     0.486807   108.006246     1.298152   162.269000     True    servico
 233   1200569816   1200524344     0.418350    92.817920     1.115600   139.450000     True    servico
 234   1200569816   5116534887     0.144627    32.087910     0.385672    48.209000     True    servico
 235   1200465369   1801769482     0.136875    30.368000     0.365000    45.625000     True    servico
 236   1200465369   1801769481     0.353454    78.419661     0.942544   117.818000     True    servico
 237   1269518815   2587347994     0.713676     0.000000     1.903136   237.892000     True   passagem
 238   1269518815   1200466069     0.027015     0.000000     0.072040     9.005000     True   passagem
 239   1801769443   1200524690     0.160533    35.616922     0.428088    53.511000     True    servico
 240   1801769443   1801769478     0.279939    62.109133     0.746504    93.313000    False    servico
 241   1195741673   3218294983     0.428553    95.081626     1.142808   142.851000     True    servico
 242   1801769450   1200465091     0.119886    26.598707     0.319696    39.962000     True    servico
 243   1801769450   1801769467     0.348870    77.402624     0.930320   116.290000    False    servico
 244   1801769451   1200465600     0.050439    11.190733     0.134504    16.813000     True    servico
 245   1801769452   1801769450     0.164838    36.572058     0.439568    54.946000     True    servico
 246   1801769452   1801769464     0.250218    55.515034     0.667248    83.406000     True    servico
 247   1801769454   1801769481     0.128727    28.560230     0.343272    42.909000    False    servico
 248   1801769454   1801769487     0.159903    35.477146     0.426408    53.301000     True    servico
 249   1036909039   1200524328     0.034884     0.000000     0.093024    11.628000     True   passagem
 250   1036909039       -39020     0.941889     0.000000     2.511704   313.963000     True   passagem
 251   1801769455   1801769481     0.228657    50.731366     0.609752    76.219000    False    servico
 252   1801769455   1801769488     0.024489     5.433293     0.065304     8.163000     True    servico
 253   1195741681   1237684070     0.262908    58.330522     0.701088    87.636000     True     BR-356
 254   1195741681   1195741691     0.042825     0.000000     0.114200    14.275000     True   passagem
 255   1801769458   1195800433     0.081282    18.033766     0.216752    27.094000     True    servico
 256   1801769458   5117971109     0.032868     7.292314     0.087648    10.956000    False    servico
 257   1801769463   1801769451     0.214116    47.505203     0.570976    71.372000     True    servico
 258   1801769464   1801769463     0.099048    21.975450     0.264128    33.016000     True    servico
 259   1801769465   1200465600     0.204948    45.471130     0.546528    68.316000     True    servico
 260   1801769465   2647883773     0.147507    32.726886     0.393352    49.169000    False    servico
 261   1801769466   1801769499     0.019878     4.410266     0.053008     6.626000     True    servico
 262   1195741691   3221145773     0.728658   161.664922     1.943088   242.886000     True     BR-356
 263   1195741691   1201623021     0.197265    43.766528     0.526040    65.755000     True    servico
 264   1801769467   1801769463     0.145119    32.197069     0.386984    48.373000     True    servico
 265   1801769467   1801769450     0.348870    77.402624     0.930320   116.290000    False    servico
 266   1801769468   2466854175     0.026898     5.967770     0.071728     8.966000     True    servico
 267   1801769468   1801769479     0.139806    31.018291     0.372816    46.602000    False    servico
 268   1200465400   2792912138     0.040125     8.902400     0.107000    13.375000     True    servico
 269   1200465400   1200465592     0.067956     0.000000     0.181216    22.652000     True   passagem
 270   1801769472   1801769487     0.220317    48.880998     0.587512    73.439000     True    servico
 271   1801769472   1801769478     0.049977    11.088230     0.133272    16.659000     True    servico
 272   1801769475   1217426568     0.322749    71.607245     0.860664   107.583000     True    servico
 273   1801769475   1801769485     0.130323    28.914330     0.347528    43.441000    False    servico
 274   1801769478   1801769443     0.279939    62.109133     0.746504    93.313000    False    servico
 275   1801769478   1200465254     0.195975    43.480320     0.522600    65.325000     True    servico
 276   1195741700       -39050     0.258831    57.425971     0.690216    86.277000     True    servico
 277   1801769481   1801769452     0.173814    38.563533     0.463504    57.938000     True    servico
 278   1801769481   1801769454     0.128727    28.560230     0.343272    42.909000    False    servico
 279   1801769481   1801769455     0.228657    50.731366     0.609752    76.219000    False    servico
 280   1801769482   1801769466     0.112662    24.995942     0.300432    37.554000     True    servico
 281   1801769482   1801769496     0.186705    41.423616     0.497880    62.235000     True    servico
 282   1801769479   1801769500     0.190143    42.186394     0.507048    63.381000    False    servico
 283   1801769479   2647883773     0.168702    37.429350     0.449872    56.234000    False    servico
 284   1801769479   1801769468     0.139806    31.018291     0.372816    46.602000    False    servico
 285   1801769484   1200466053     0.214143    47.511194     0.571048    71.381000     True    servico
 286   1801769485   2647883784     0.054480    12.087296     0.145280    18.160000     True    servico
 287   1801769485   1801769475     0.130323    28.914330     0.347528    43.441000    False    servico
 288   1801769485   1801769495     0.265638    58.936218     0.708368    88.546000    False    servico
 289   1801769486   1801769500     0.019758     4.383642     0.052688     6.586000     True    servico
 290   1801769486   1195865902     0.123516     0.000000     0.329376    41.172000     True   passagem
 291   1801769487   1801769452     0.121590    26.976768     0.324240    40.530000     True    servico
 292   1801769488   1801769464     0.192006    42.599731     0.512016    64.002000     True    servico
 293   1801769488   1801769451     0.123324    27.361485     0.328864    41.108000     True    servico
 294   1801769495   5117971109     0.050244    11.147469     0.133984    16.748000    False    servico
 295   1801769495   1801769485     0.265638    58.936218     0.708368    88.546000    False    servico
 296   1801769496   1801769454     0.176379    39.132621     0.470344    58.793000     True    servico
 297   1801769499   1200465054     0.253923    56.337050     0.677128    84.641000     True    servico
 298   1801769499   1801769484     0.242979    53.908941     0.647944    80.993000     True    servico
 299   1801769500   1198360377     0.169596    37.627699     0.452256    56.532000     True    servico
 300   1801769500   1801769479     0.190143    42.186394     0.507048    63.381000    False    servico
 301   1264442912   1200524713     0.330897    73.415014     0.882392   110.299000     True    servico
 302   1264442912   1264443221     0.545772   121.088614     1.455392   181.924000    False    servico
 303   1200524838   1195800444     0.705324   156.487885     1.880864   235.108000     True    servico
 304   1200524838   1237684054     0.348822    77.391974     0.930192   116.274000     True    servico
 305   1200524856   5117971130     0.146811    32.572467     0.391496    48.937000     True    servico
 306   1200524856   1200524560     0.408039    90.530253     1.088104   136.013000     True    servico
 307   1200524856   1217426568     0.378240    83.918848     1.008640   126.080000     True    servico
 308   1200465470   1801769472     0.319125    70.803200     0.851000   106.375000     True    servico
 309   2466831972       -38996     1.014042   224.982118     2.704112   338.014000     True    servico
 310   1200569962   1200465541     0.211344    46.890189     0.563584    70.448000     True    servico
 311   1200569962   1198360323     0.562824   124.871885     1.500864   187.608000     True    servico
 312   1200465522   1237684093     0.350649    77.797325     0.935064   116.883000     True    servico
 313   1200465522       -39022     0.292779    64.957901     0.780744    97.593000     True    servico
 314   1264443010       -39044     0.136692    30.327398     0.364512    45.564000     True    servico
 315   1200465541       -39070     0.371226    82.362675     0.989936   123.742000     True    servico
 316   1200465541   1200524381     0.459939   102.045133     1.226504   153.313000     True    servico
 317   1200524805       -38982     0.284652    63.154790     0.759072    94.884000     True    servico
 318   1200524805   1200524636     0.486948   108.037530     1.298528   162.316000     True    servico
 319   1200465551   1200466016     0.187647    41.632614     0.500392    62.549000     True    servico
 320   1200465551   1227355194     0.225909    50.121677     0.602424    75.303000    False    servico
 321   1200465568   2647883802     0.241470    53.574144     0.643920    80.490000     True    servico
 322   1200465568       -39070     0.471885   104.695552     1.258360   157.295000     True    servico
 323   5117971109   1801769458     0.032868     7.292314     0.087648    10.956000    False    servico
 324   5117971109   1801769495     0.050244    11.147469     0.133984    16.748000    False    servico
 325   5117971109   5117971110     0.393405    87.283456     1.049080   131.135000    False    servico
 326   5117971110       -38992     0.067566    14.990643     0.180176    22.522000     True    servico
 327   5117971110   5117971109     0.393405    87.283456     1.049080   131.135000    False    servico
 328   5117971127   1200524856     0.129846    28.808499     0.346256    43.282000     True    servico
 329   5117971127   5117971130     0.054264    12.039373     0.144704    18.088000     True    servico
 330   5117971130   2466854166     0.109326    24.255795     0.291536    36.442000     True    servico
 331   1200465592   1200465820     0.213492    47.366758     0.569312    71.164000     True    servico
 332   1200465600   1801769486     0.306525    68.007680     0.817400   102.175000     True    servico
 333   5117971137   1237684063     0.218433    48.463002     0.582488    72.811000    False    servico
 334   1200465621   1200465117     0.171969    38.154189     0.458584    57.323000     True    servico
 335   1200465621   1227355282     0.376731    83.584051     1.004616   125.577000     True    servico
 336   1198360286   1198360497     0.305664    67.816653     0.815104   101.888000     True    servico
 337   1198360286   1227355260     0.443058    98.299802     1.181488   147.686000     True    servico
 338   1198360286   2466854238     0.162282    36.004966     0.432752    54.094000    False    servico
 339   1264443117   1200524676     0.332853    73.848986     0.887608   110.951000     True    servico
 340   1264443117   1264443221     0.502467   111.480678     1.339912   167.489000    False    servico
 341   1264443117   1264443261     0.249891    55.442483     0.666376    83.297000    False    servico
 342   1198360312       -39034     0.559509   124.136397     1.492024   186.503000     True    servico
 343   1198360323   1198360312     0.378822    84.047974     1.010192   126.274000     True    servico
 344   1198360323   2591478053     0.293259    65.064397     0.782024    97.753000     True    servico
 345   1215550216   1215550240     0.682452   151.413350     1.819872   227.484000    False    servico
 346   1215550216   1215550235     0.683214   151.582413     1.821904   227.738000    False    servico
 347   1198360329   1200524614     0.620433   137.653402     1.654488   206.811000     True    servico
 348   1198360329   1198360473     0.358548    79.549850     0.956128   119.516000     True    servico
 349   1202909963   3218294973     0.444918    98.712474     1.186448   148.306000     True    servico
 350   1264443155       -39020     0.023070     0.000000     0.061520     7.690000    False   passagem
 351   1264443155   1200464853     0.244818    54.316954     0.652848    81.606000     True    servico
 352   1264443155   1232303253     0.727548   161.418650     1.940128   242.516000     True    servico
 353   1200465688       -39030     0.366609    81.338317     0.977624   122.203000     True    servico
 354   1200465688   1227355159     0.317829    70.515661     0.847544   105.943000     True    servico
 355   1215550235   1215550216     0.683214   151.582413     1.821904   227.738000    False    servico
 356   1215550240       -39004     0.465993   103.388314     1.242648   155.331000     True    servico
 357   1215550240   1215550216     0.682452   151.413350     1.819872   227.484000    False    servico
 358   1264443178       -39000     0.297108    65.918362     0.792288    99.036000     True    servico
 359   1264443178       -39068     0.497787   110.442342     1.327432   165.929000     True    servico
 360   1195865902   1801769455     0.333882    74.077286     0.890352   111.294000     True    servico
 361   1195865902   1200465369     0.190017    42.158438     0.506712    63.339000     True    servico
 362   1198360377   1801769468     0.184719    40.982989     0.492584    61.573000     True    servico
 363   1198360377   1036906383     0.059454     0.000000     0.158544    19.818000     True   passagem
 364   1215470397   1198360286     0.206781    45.877811     0.551416    68.927000     True    servico
 365   1215470397   1227355258     0.449766    99.788083     1.199376   149.922000     True    servico
 366   1215470404   1215470397     1.189518   263.914394     3.172048   396.506000     True    servico
 367   1215470404   1215493136     0.292482    64.892006     0.779952    97.494000     True    servico
 368   1215470404   1215508703     0.199638    44.293018     0.532368    66.546000    False    servico
 369   1198360389   1200465400     0.108117    23.987558     0.288312    36.039000     True    servico
 370   1198360389   1200465592     0.106557    23.641446     0.284152    35.519000     True    servico
 371   1195865928   1200524715     0.477549   105.952205     1.273464   159.183000     True    servico
 372   1195865928   1200465522     0.691158   153.344922     1.843088   230.386000     True    servico
 373   1198360398   1200465912     0.211758    46.982042     0.564688    70.586000     True    servico
 374   1198360398   1200465551     0.348264    77.268173     0.928704   116.088000     True    servico
 375   1264443221       -38998     0.335337    74.400102     0.894232   111.779000     True    servico
 376   1264443221   1264442912     0.545772   121.088614     1.455392   181.924000    False    servico
 377   1264443221   1264443117     0.502467   111.480678     1.339912   167.489000    False    servico
 378   1237684054   1237684084     0.123666    27.437363     0.329776    41.222000     True    servico
 379   1237684054   1237684070     0.490518   108.829594     1.308048   163.506000     True    servico
 380       -39074       -38998     0.529539   117.487053     1.412104   176.513000     True    servico
 381       -39074   1264442912     0.355719    78.922189     0.948584   118.573000     True    servico
 382   1237684063   1237684093     0.409155    90.777856     1.091080   136.385000    False    servico
 383   1237684063   5117971137     0.218433    48.463002     0.582488    72.811000    False    servico
 384   1237684063   1237684083     0.346722    76.926054     0.924592   115.574000    False    servico
 385   1237684063   1237684066     0.639981   141.990451     1.706616   213.327000    False    servico
 386       -39072   1264453991     0.393717    87.352678     1.049912   131.239000     True    servico
 387       -39072   1215550216     0.495807   110.003046     1.322152   165.269000     True    servico
 388   1198360416   1200465568     0.522921   116.018739     1.394456   174.307000     True    servico
 389   1198360416   2647883799     0.210447    46.691174     0.561192    70.149000     True    servico
 390   1237684066       -38994     0.346743    76.930714     0.924648   115.581000     True    servico
 391   1237684066   1237684063     0.639981   141.990451     1.706616   213.327000    False    servico
 392   1198360418   1198360377     0.125598    27.866010     0.334928    41.866000     True    servico
 393   1198360418   1195865902     0.208035    46.156032     0.554760    69.345000     True    servico
 394       -39068   1217426562     0.370929    82.296781     0.989144   123.643000     True    servico
 395       -39068   1200524725     0.521334   115.666637     1.390224   173.778000     True    servico
 396       -39070   1200465234     0.203223    45.088410     0.541928    67.741000     True    servico
 397       -39070   1198360398     0.583638   129.489818     1.556368   194.546000     True    servico
 398       -39066       -39064     0.249630    55.384576     0.665680    83.210000    False    serviço
 399       -39066   1200524671     0.235707    52.295526     0.628552    78.569000     True    servico
 400   1237684071   1237684106     0.143901    31.926835     0.383736    47.967000     True    servico
 401   1237684071   1237684054     0.542277   120.313190     1.446072   180.759000     True    servico
 402       -39062   1227355215     0.116640    25.878528     0.311040    38.880000    False    servico
 403       -39062       -39008     0.137289    30.459853     0.366104    45.763000    False    servico
 404       -39062       -39056     0.245880    54.552576     0.655680    81.960000    False    servico
 405       -39064       -39052     0.221520    49.147904     0.590720    73.840000    False    servico
 406       -39064       -39066     0.249630    55.384576     0.665680    83.210000    False    serviço
 407       -39064       -39054     0.220191    48.853043     0.587176    73.397000    False    servico
 408   1237684070   1195800504     0.240375    53.331200     0.641000    80.125000     True     BR-356
 409   1198360429   2466854238     0.298863    66.307738     0.796968    99.621000     True    servico
 410   1198360429   1200524659     0.786591   174.518323     2.097576   262.197000     True    servico
 411   1237684072   1237684091     0.480177   106.535270     1.280472   160.059000    False    servico
 412   1237684072   1195741681     0.159162    35.312742     0.424432    53.054000     True     BR-356
 413   1195865964       -39024     0.457746   101.558579     1.220656   152.582000     True    servico
 414   1195865964   1227355185     0.096216    21.347123     0.256576    32.072000     True    servico
 415       -39058   1195866036     0.937614   208.025293     2.500304   312.538000     True    servico
 416       -39056       -39062     0.245880    54.552576     0.655680    81.960000    False    servico
 417       -39056       -39058     0.416475    92.401920     1.110600   138.825000     True    servico
 418   1195800433       -38992     0.320898    71.196570     0.855728   106.966000     True    servico
 419   1195800433   1195800553     0.258171    57.279539     0.688456    86.057000     True    servico
 420       -39054       -39064     0.220191    48.853043     0.587176    73.397000    False    servico
 421       -39054   1200524705     0.237363    52.662938     0.632968    79.121000     True    servico
 422   1237684083   1237684063     0.346722    76.926054     0.924592   115.574000    False    servico
 423   1237684083       -38986     0.318324    70.625485     0.848864   106.108000    False    servico
 424   1237684083   1200465522     0.422229    93.678541     1.125944   140.743000     True    servico
 425   1237684088   1237684109     0.475638   105.528218     1.268368   158.546000     True    servico
 426   1237684088   1237684072     0.132435    29.382912     0.353160    44.145000     True     BR-356
 427   1237684084   1195741600     0.126162    27.991142     0.336432    42.054000     True    servico
 428   1237684084   1237684106     0.499908   110.912922     1.333088   166.636000     True    servico
 429       -39052       -39064     0.221520    49.147904     0.590720    73.840000    False    servico
 430       -39052       -39066     0.478197   106.095974     1.275192   159.399000     True    servico
 431       -39050       -39052     0.237045    52.592384     0.632120    79.015000     True    servico
 432       -39050   1200524705     0.414807    92.031846     1.106152   138.269000    False    servico
 433   1237684086       -39032     0.277029    61.463501     0.738744    92.343000     True    servico
 434   1237684086   1237684107     0.386943    85.849754     1.031848   128.981000    False    servico
 435   1198360440   2647883774     0.298605    66.250496     0.796280    99.535000     True    servico
 436   1198360440   1200465894     0.330666    73.363763     0.881776   110.222000     True    servico
 437   1237684091   1237684109     0.140724    31.221965     0.375264    46.908000     True    servico
 438   1237684091   1237684072     0.480177   106.535270     1.280472   160.059000    False    servico
 439       -39044   1200569724     0.756198   167.775130     2.016528   252.066000    False    servico
 440   1264443261       -39002     0.315366    69.969203     0.840976   105.122000     True    servico
 441   1264443261   1264443117     0.249891    55.442483     0.666376    83.297000    False    servico
 442       -39042   1200524708     0.513513   113.931418     1.369368   171.171000     True    servico
 443       -39042       -39040     0.490551   108.836915     1.308136   163.517000     True    servico
 444   1195800444   1195800514     0.163356    36.243251     0.435616    54.452000     True    servico
 445   1195800444   2466831972     0.094230    20.906496     0.251280    31.410000     True    servico
 446   1195800444   1200524442     0.251925    55.893760     0.671800    83.975000     True    servico
 447       -39040   1200524805     0.257469    57.123789     0.686584    85.823000     True    servico
 448   1237684093   1195800492     0.158892    35.252838     0.423712    52.964000     True    servico
 449   1237684093   1237684063     0.409155    90.777856     1.091080   136.385000    False    servico
 450       -39036   1227355226     0.251766    55.858483     0.671376    83.922000     True    servico
 451       -39036   1227355272     0.544041   120.704563     1.450776   181.347000     True    servico
 452       -39034   1200569962     0.390309    86.596557     1.040824   130.103000     True    servico
 453       -39034       -39036     0.824097   182.839654     2.197592   274.699000     True    servico
 454       -39032       -39030     0.562872   124.882534     1.500992   187.624000     True    servico
 455       -39032   1200465957     0.196542    43.606118     0.524112    65.514000     True    servico
 456       -39030   1198360398     0.449265    99.676928     1.198040   149.755000     True    servico
 457       -39030   1200465234     0.493806   109.559091     1.316816   164.602000     True    servico
 458   1237684106       -39022     0.104670    23.222784     0.279120    34.890000     True    servico
 459   1237684107   1195865928     0.249048    55.255450     0.664128    83.016000     True    servico
 460   1237684107   1237684086     0.386943    85.849754     1.031848   128.981000    False    servico
 461       -39028   1195865928     0.366309    81.271757     0.976824   122.103000     True    servico
 462       -39028   1237684086     0.245988    54.576538     0.655968    81.996000     True    servico
 463       -39026       -39028     0.105438    23.393178     0.281168    35.146000     True    servico
 464       -39026   1202909963     0.377559    83.767757     1.006824   125.853000     True    servico
 465   2793927570   1201622968     0.634062   140.677222     1.690832   211.354000     True    servico
 466   1237684109   1202909963     0.303621    67.363379     0.809656   101.207000     True    servico
 467   1237684109   1195800546     0.413511    91.744307     1.102696   137.837000     True    servico
 468   2793927576   1195741673     0.085584    18.988237     0.228224    28.528000     True    servico
 469   2793927576   2793927570     0.046452     0.000000     0.123872    15.484000     True   passagem
 470       -39024   1200465103     0.615033   136.455322     1.640088   205.011000     True    servico
 471       -39022   1195741600     0.474738   105.328538     1.265968   158.246000     True    servico
 472       -39022   1195800546     0.381453    84.631706     1.017208   127.151000     True    servico
 473       -39020   1264443155     0.023070     0.000000     0.061520     7.690000    False   passagem
 474       -39018   1200466053     0.085740     0.000000     0.228640    28.580000    False   passagem
 475       -39018   1200464936     0.550341     0.000000     1.467576   183.447000     True   passagem
 476   1237684119       -38986     0.265869    58.987469     0.708984    88.623000    False    servico
 477   1237684119       -39026     0.829026   183.933235     2.210736   276.342000     True    servico
 478       -39016   2792912138     0.077634     0.000000     0.207024    25.878000     True   passagem
 479       -39016   1200464982     0.088881     0.000000     0.237016    29.627000     True   passagem
 480   1198360473   1200465969     0.431259    95.681997     1.150024   143.753000     True    servico
 481   1198360473   1198360416     0.455688   101.101978     1.215168   151.896000     True    servico
 482       -39014   1195800504     0.078984     0.000000     0.210624    26.328000    False   passagem
 483   1200465820   1200465985     0.113052    25.082470     0.301472    37.684000     True    servico
 484   1198360479   2466854191     0.629544     0.000000     1.678784   209.848000     True   passagem
 485       -39008   1227355263     1.166688   258.849178     3.111168   388.896000    False    servico
 486       -39008       -39062     0.137289    30.459853     0.366104    45.763000    False    servico
 487       -39008       -39006     0.281292    62.409318     0.750112    93.764000    False    servico
 488       -39006       -39008     0.281292    62.409318     0.750112    93.764000    False    servico
 489       -39006       -39058     0.212580    47.164416     0.566880    70.860000     True    servico
 490       -39004   1227355263     0.309612    68.692582     0.825632   103.204000     True    servico
 491       -39004       -39006     1.240650   275.258880     3.308400   413.550000     True    servico
 492   1200465829   1200569646     0.375531    83.317811     1.001416   125.177000     True    servico
 493   1200465829   1200569742     0.234486    52.024627     0.625296    78.162000     True    servico
 494       -39002       -38980     0.299598    66.470810     0.798928    99.866000     True    servico
 495   1200524204   1215508703     0.804612   178.516582     2.145632   268.204000    False    servico
 496   1200524204   1036902846     1.717035   380.952832     4.578760   572.345000     True    servico
 497       -39000       -39002     0.253101    56.154675     0.674936    84.367000     True    servico
 498       -39000   1264443117     0.321327    71.291750     0.856872   107.109000     True    servico
 499       -38998       -39068     0.292992    65.005158     0.781312    97.664000     True    servico
 500       -38998       -39000     0.497952   110.478950     1.327872   165.984000     True    servico
 501   1198360497   1198360479     0.044631     9.902131     0.119016    14.877000     True    servico
 502   1198360497   1198360429     0.154683    34.319002     0.412488    51.561000     True    servico
 503       -38996   1237684066     0.341367    75.737958     0.910312   113.789000     True    servico
 504       -38996   1200569670     0.393030    87.200256     1.048080   131.010000     True    servico
 505   1195800492   1195800444     0.193407    42.910566     0.515752    64.469000     True    servico
 506   1195800492   2466831972     0.185520    41.160704     0.494720    61.840000     True    servico
 507   1195800492   1195800514     0.174681    38.755891     0.465816    58.227000     True    servico
 508       -38994   5117971110     0.544059   120.708557     1.450824   181.353000     True    servico
 509       -38994   1237684083     0.643869   142.853069     1.716984   214.623000     True    servico
 510       -38992       -38990     0.091644     0.000000     0.244384    30.548000     True   passagem
 511       -38992   2723838952     0.201831    44.779571     0.538216    67.277000     True    servico
 512       -38990   1195800553     0.307758    68.281242     0.820688   102.586000     True    servico
 513       -38990   1198360329     0.250413    55.558298     0.667768    83.471000     True    servico
 514   1195866036   1200569742     0.359688    79.802778     0.959168   119.896000     True    servico
 515   1195866036   1200569646     0.176913    39.251098     0.471768    58.971000     True    servico
 516   2647883699   2723838939     0.107940    23.948288     0.287840    35.980000    False    servico
 517       -38988       -38986     0.328338    72.847258     0.875568   109.446000    False    servico
 518       -38986       -38988     0.328338    72.847258     0.875568   109.446000    False    servico
 519       -38986   1237684119     0.265869    58.987469     0.708984    88.623000    False    servico
 520       -38986   1237684083     0.318324    70.625485     0.848864   106.108000    False    servico
 521       -38984       -39040     0.438201    97.222195     1.168536   146.067000     True    servico
 522   1195800504       -39014     0.078984     0.000000     0.210624    26.328000    False   passagem
 523   1195800504   1195741700     0.240936    53.455667     0.642496    80.312000     True     BR-356
 524   1195800504   1200524838     0.487404   108.138701     1.299744   162.468000     True    servico
 525       -38982   1200524230     0.493902   109.580390     1.317072   164.634000     True    servico
 526       -38982   1200569724     0.396594    87.990989     1.057584   132.198000     True    servico
 527   2647883706   1200465193     0.372789    82.709453     0.994104   124.263000     True    servico
 528   2647883706   2723838939     0.333111    73.906227     0.888296   111.037000    False    servico
 529       -38980   1264443178     0.255984    56.794317     0.682624    85.328000     True    servico
 530       -38980   1264443010     0.365082    80.999526     0.973552   121.694000     True    servico
 531   1195800514   1237684071     0.317334    70.405837     0.846224   105.778000     True    servico
 532   1200524230       -38996     0.511038   113.382298     1.362768   170.346000     True    servico
 533   1200524230   1200524636     0.280743    62.287514     0.748648    93.581000     True    servico
 534   1200465870   1200465054     0.196047    43.496294     0.522792    65.349000     True    servico
 535   1200465870   1801769443     0.103821    23.034419     0.276856    34.607000     True    servico
 536   1195866064   1227355230     0.255147    56.608614     0.680392    85.049000     True    servico
 537   1195866064   1264454006     0.370809    82.270157     0.988824   123.603000    False    servico
 538   1200464853   1200524328     0.678579   150.554061     1.809544   226.193000     True    servico
 539   2723838939   2647883699     0.107940    23.948288     0.287840    35.980000    False    servico
 540   2723838939   2723838942     0.174486    38.712627     0.465296    58.162000    False    servico
 541   2723838939   2647883706     0.333111    73.906227     0.888296   111.037000    False    servico
 542   2723838942   2723838939     0.174486    38.712627     0.465296    58.162000    False    servico
 543   1195800543       -39032     0.396810    88.038912     1.058160   132.270000     True    servico
 544   1195800543   1237684107     0.279339    61.976013     0.744904    93.113000     True    servico
 545   1195800546       -39026     0.198924    44.134605     0.530464    66.308000     True    servico
 546   2723838950   2723838952     0.254931    56.560691     0.679816    84.977000    False    servico
 547   1201623013   2793927576     0.621153   137.813146     1.656408   207.051000     True    servico
 548   1201623013   1201622968     0.048261     0.000000     0.128696    16.087000     True   passagem
 549   2723838952   1237684119     0.422718    93.787034     1.127248   140.906000     True    servico
 550   2723838952   2723838950     0.254931    56.560691     0.679816    84.977000    False    servico
 551   1200465894   1227355193     0.208149    46.181325     0.555064    69.383000     True    servico
 552   1200465894   2466854191     0.058989     0.000000     0.157304    19.663000     True   passagem
 553   1195800553   1200465470     0.233514    51.808973     0.622704    77.838000     True    servico
 554   1201623021   1195741691     1.768029   392.266701     4.714744   589.343000     True    servico
 555   1201623021   1201623013     0.102618     0.000000     0.273648    34.206000     True   passagem
 556   1200465912   1198360323     0.219906    48.789811     0.586416    73.302000     True    servico
 557   1200465912   1200465541     0.568005   126.021376     1.514680   189.335000     True    servico
 558   1200464892   1200466016     0.309735    68.719872     0.825960   103.245000     True    servico
 559   1200464892   1195865964     0.317136    70.361907     0.845696   105.712000     True    servico
 560   2647883773   1801769465     0.147507    32.726886     0.393352    49.169000    False    servico
 561   2647883773   1801769479     0.168702    37.429350     0.449872    56.234000    False    servico
 562   2647883773   2647883774     0.181050    40.168960     0.482800    60.350000    False    servico
 563   2647883774   1215508704     0.140271    31.121459     0.374056    46.757000     True    servico
 564   2647883774   2647883773     0.181050    40.168960     0.482800    60.350000    False    servico
 565   2647883774   2647883776     0.259326    57.535795     0.691536    86.442000    False    servico

  id           no  demanda       CS
   0   1237684070      580        6
   1       -38984      970        8
   2   1195800514      650        5
   3   1195800543      729        5
