  id            u            v           CA      demanda           CS       length   oneway     status
   0            1            2     0.178228    39.542851     0.475275    59.409331     True    servico
   1            1            3     0.259327    57.535957     0.691538    86.442243    False    servico
   2            4            5     0.254615    56.490598     0.678974    84.871692     True    servico
   3            6            7     0.124748    27.677369     0.332661    41.582586     True    servico
   4            6            8     0.457783   101.566877     1.220756   152.594466     True    servico
   5            9           10     0.476605   105.742673     1.270946   158.868198    False    servico
   6            9           11     0.166018    36.833944     0.442716    55.339459     True    servico
   7           12           13     0.232609    51.608221     0.620291    77.536389     True    servico
   8           10            9     0.476605   105.742673     1.270946   158.868198    False    servico
   9           10           14     0.164195    36.429335     0.437853    54.731573     True    servico
  10           15           16     0.132855    29.476173     0.354281    44.285115     True    servico
  11           17           18     0.532493     0.000000     1.419981   177.497576     True   passagem
  12           19           15     0.487052   108.060621     1.298806   162.350692     True    servico
  13           19           20     0.218789    48.541880     0.583436    72.929508     True    servico
  14           21           22     0.582289   129.190418     1.552769   194.096182     True    servico
  15           21           23     0.600142   133.151508     1.600379   200.047338     True    servico
  16           24           25     0.183924    40.806608     0.490464    61.308005     True    servico
  17           24           26     0.360168    79.909338     0.960449   120.056097     True    servico
  18           27           28     0.210390    46.678600     0.561041    70.130109     True    servico
  19           27           29     0.334656    74.249119     0.892417   111.552163     True    servico
  20           30           31     0.247287    54.864668     0.659431    82.428888     True    servico
  21           30           32     0.484263   107.441837     1.291368   161.421030     True    servico
  22           33           34     0.258702    57.397411     0.689873    86.234092    False    servico
  23           33           35     0.268306    59.528185     0.715483    89.435375     True    servico
  24           34           33     0.258702    57.397411     0.689873    86.234092    False    servico
  25           34           11     0.223002    49.476683     0.594672    74.333958     True    servico
  26           36           37     0.218347    48.444021     0.582260    72.782483     True    servico
  27           36           38     0.174460    38.706823     0.465226    58.153280     True    servico
  28           36           39     0.085741     0.000000     0.228642    28.580296    False   passagem
  29           40           41     0.377284    83.706688     1.006090   125.761250     True    servico
  30           40           42     0.269901    59.881928     0.719735    89.966838     True    servico
  31           43           44     0.111478     0.000000     0.297274    37.159310     True   passagem
  32           43           45     0.032601     7.233142     0.086937    10.867101     True    servico
  33           46           43     0.044071     0.000000     0.117524    14.690472     True   passagem
  34           46           47     0.425449    94.392981     1.134531   141.816377     True     BR-356
  35           48           46     0.108288     0.000000     0.288769    36.096069     True   passagem
  36           48           49     0.813410   180.468657     2.169094   271.136805     True    servico
  37           44           48     0.045268     0.000000     0.120715    15.089359     True   passagem
  38           44           50     1.884297   418.062754     5.024793   628.099090     True     BR-356
  39           51            1     0.133318    29.578876     0.355515    44.439417     True    servico
  40           51           52     0.246244    54.633443     0.656652    82.081495     True    servico
  41           53           54     0.199638    44.293117     0.532369    66.546149    False    servico
  42           53           55     0.804613   178.516798     2.145635   268.204324    False    servico
  43           52           56     0.190243    42.208660     0.507316    63.414453     True    servico
  44           52           57     0.467201   103.656330     1.245869   155.733670     True    servico
  45           58           59     0.368849    81.835250     0.983597   122.949595    False    servico
  46           58           31     0.308967    68.549461     0.823912   102.988974     True    servico
  47           59           58     0.368849    81.835250     0.983597   122.949595    False    servico
  48           59           60     0.298618    66.253413     0.796315    99.539382     True    servico
  49           61           62     0.476956   105.820581     1.271882   158.985248    False    servico
  50           61           63     0.340049    75.445475     0.906797   113.349571     True    servico
  51           64           65     0.233927    51.900696     0.623806    77.975805    False    servico
  52           64           66     0.337906    74.969989     0.901082   112.635199     True    servico
  53           65           64     0.233927    51.900696     0.623806    77.975805    False    servico
  54           62           61     0.476956   105.820581     1.271882   158.985248    False    servico
  55           62           67     0.408320    90.592589     1.088853   136.106655    False    servico
  56           62           68     0.370810    82.270313     0.988826   123.603235    False    servico
  57           69           70     0.159164    35.313111     0.424436    53.054554     True     BR-356
  58           69           71     0.480177   106.535195     1.280471   160.058886    False    servico
  59           72           70     0.480282   106.558504     1.280751   160.093906     True    servico
  60           72           71     0.192939    42.806681     0.514503    64.312922     True    servico
  61           45           73     0.184456    40.924722     0.491884    61.485460     True    servico
  62           45           74     0.254496     0.000000     0.678655    84.831927     True   passagem
  63           75           76     0.104301    23.140904     0.278136    34.766983     True    servico
  64           75           77     0.098552     0.000000     0.262804    32.850540     True   passagem
  65           78           79     0.277029    61.463597     0.738745    92.343144     True    servico
  66           78           80     0.386942    85.849608     1.031846   128.980782    False    servico
  67           18           40     0.027016     0.000000     0.072043     9.005365     True   passagem
  68           18           81     0.713675     0.000000     1.903134   237.891751     True   passagem
  69           82           83     0.279938    62.108960     0.746502    93.312741    False    servico
  70           82           84     0.160534    35.617092     0.428090    53.511255     True    servico
  71           74           44     0.428554    95.081904     1.142811   142.851418     True    servico
  72           85           25     0.348871    77.402788     0.930322   116.290247    False    servico
  73           85           26     0.119886    26.598601     0.319695    39.961841     True    servico
  74           86           87     0.050440    11.190881     0.134506    16.813223     True    servico
  75           88           85     0.164838    36.572091     0.439568    54.946050     True    servico
  76           88           89     0.250218    55.514929     0.667247    83.405842     True    servico
  77           90           91     0.128726    28.560041     0.343270    42.908715    False    servico
  78           90           92     0.159903    35.477078     0.426407    53.300898     True    servico
  79           93           94     0.941888     0.000000     2.511700   313.962505     True   passagem
  80           93           95     0.034884     0.000000     0.093023    11.627892     True   passagem
  81           96           91     0.228656    50.731145     0.609749    76.218668    False    servico
  82           96           97     0.024487     5.432786     0.065298     8.162239     True    servico
  83           70           98     0.042825     0.000000     0.114201    14.275082     True   passagem
  84           70           99     0.262908    58.330554     0.701088    87.636049     True     BR-356
  85            5          100     0.032868     7.292243     0.087647    10.955894    False    servico
  86            5          101     0.081282    18.033687     0.216751    27.093880     True    servico
  87          102           86     0.214118    47.505632     0.570981    71.372644     True    servico
  88           89          102     0.099049    21.975703     0.264131    33.016381     True    servico
  89           56           87     0.204949    45.471253     0.546529    68.316186     True    servico
  90           56          103     0.147506    32.726668     0.393349    49.168672    False    servico
  91          104          105     0.019879     4.410576     0.053012     6.626466     True    servico
  92           98           43     0.728658   161.664890     1.943088   242.885953     True     BR-356
  93           98          106     0.197266    43.766690     0.526042    65.755244     True    servico
  94           25           85     0.348871    77.402788     0.930322   116.290247    False    servico
  95           25          102     0.145120    32.197272     0.386986    48.373306     True    servico
  96          107          108     0.139808    31.018667     0.372821    46.602565    False    servico
  97          107          109     0.026896     5.967266     0.071722     8.965243     True    servico
  98          110           83     0.049975    11.087828     0.133267    16.658396     True    servico
  99          110           92     0.220317    48.881029     0.587512    73.439046     True    servico
 100          111          112     0.322750    71.607356     0.860665   107.583167     True    servico
 101          111          113     0.130323    28.914388     0.347529    43.441087    False    servico
 102           83           82     0.279938    62.108960     0.746502    93.312741    False    servico
 103           83          114     0.195974    43.480018     0.522596    65.324546     True    servico
 104          115          116     0.258831    57.426065     0.690217    86.277141     True    servico
 105          108          107     0.139808    31.018667     0.372821    46.602565    False    servico
 106          108          117     0.190142    42.186234     0.507046    63.380760    False    servico
 107          108          103     0.168702    37.429404     0.449873    56.234080    False    servico
 108           91           88     0.173816    38.563894     0.463508    57.938543     True    servico
 109           91           90     0.128726    28.560041     0.343270    42.908715    False    servico
 110           91           96     0.228656    50.731145     0.609749    76.218668    False    servico
 111          118          104     0.112662    24.996032     0.300433    37.554134     True    servico
 112          118          119     0.186706    41.423863     0.497883    62.235371     True    servico
 113          120           36     0.214143    47.511297     0.571049    71.381155     True    servico
 114          113            4     0.054478    12.086955     0.145276    18.159488     True    servico
 115          113          111     0.130323    28.914388     0.347529    43.441087    False    servico
 116          113          121     0.265636    58.935874     0.708364    88.545484    False    servico
 117          122          117     0.019757     4.383333     0.052684     6.585536     True    servico
 118          122          123     0.123517     0.000000     0.329378    41.172217     True   passagem
 119           92           88     0.121591    26.976903     0.324242    40.530203     True    servico
 120           97           89     0.192006    42.599760     0.512016    64.002044     True    servico
 121           97           86     0.123323    27.361239     0.328861    41.107630     True    servico
 122          121          100     0.050244    11.147446     0.133984    16.747966    False    servico
 123          121          113     0.265636    58.935874     0.708364    88.545484    False    servico
 124          119           90     0.176380    39.132937     0.470348    58.793476     True    servico
 125          105          120     0.242978    53.908644     0.647940    80.992555     True    servico
 126          105          124     0.253923    56.337046     0.677128    84.640994     True    servico
 127          117          108     0.190142    42.186234     0.507046    63.380760    False    servico
 128          117          125     0.169594    37.627352     0.452252    56.531479     True    servico
 129          100            5     0.032868     7.292243     0.087647    10.955894    False    servico
 130          100          121     0.050244    11.147446     0.133984    16.747966    False    servico
 131          100          126     0.393406    87.283714     1.049083   131.135388    False    servico
 132          126          100     0.393406    87.283714     1.049083   131.135388    False    servico
 133          126          127     0.067566    14.990589     0.180175    22.521918     True    servico
 134          128          129     0.129847    28.808790     0.346259    43.282437     True    servico
 135          128          130     0.054268    12.040273     0.144715    18.089353     True    servico
 136          130           29     0.109326    24.255697     0.291535    36.441853     True    servico
 137          131          132     0.218433    48.463056     0.582489    72.811082    False    servico
 138          133          134     0.355719    78.922256     0.948585   118.573101     True    servico
 139          133          135     0.529540   117.487207     1.412106   176.513232     True    servico
 140          136          137     0.683214   151.582381     1.821904   227.737952    False    servico
 141          136          138     0.682453   151.413480     1.819874   227.484194    False    servico
 142          139           46     0.444919    98.712602     1.186450   148.306192     True    servico
 143          137          136     0.683214   151.582381     1.821904   227.737952    False    servico
 144          138          136     0.682453   151.413480     1.819874   227.484194    False    servico
 145          138           63     0.465993   103.388211     1.242647   155.330846     True    servico
 146            7          140     0.449767    99.788393     1.199380   149.922466     True    servico
 147            7          141     0.206780    45.877538     0.551413    68.926589     True    servico
 148           54           53     0.199638    44.293117     0.532369    66.546149    False    servico
 149           54            7     1.189518   263.914500     3.172049   396.506160     True    servico
 150           54          142     0.292482    64.891958     0.779951    97.493928     True    servico
 151          143           61     0.393718    87.352969     1.049915   131.239436     True    servico
 152          143          136     0.495806   110.002889     1.322150   165.268764     True    servico
 153           73          144     0.634066   140.678056     1.690842   211.355252     True    servico
 154          145           74     0.085585    18.988380     0.228226    28.528216     True    servico
 155          145           73     0.046453     0.000000     0.123875    15.484374     True   passagem
 156          146          147     0.203223    45.088324     0.541927    67.740871     True    servico
 157          146          148     0.583639   129.490130     1.556372   194.546469     True    servico
 158           55           53     0.804613   178.516798     2.145635   268.204324    False    servico
 159           55           75     1.717034   380.952700     4.578758   572.344801     True    servico
 160          149          150     0.280742    62.287200     0.748644    93.580529     True    servico
 161          149          151     0.511038   113.382310     1.362768   170.346019     True    servico
 162          152           95     0.678578   150.553825     1.809541   226.192646     True    servico
 163          153          154     0.174487    38.712857     0.465299    58.162346    False    servico
 164          153          155     0.107942    23.948640     0.287844    35.980529    False    servico
 165          153           42     0.333111    73.906259     0.888296   111.037047    False    servico
 166          154          153     0.174487    38.712857     0.465299    58.162346    False    servico
 167          156          157     0.254933    56.561024     0.679820    84.977500    False    servico
 168          157          156     0.254933    56.561024     0.679820    84.977500    False    servico
 169          157          158     0.422717    93.786881     1.127246   140.905770     True    servico
 170          159           30     0.309737    68.720206     0.825964   103.245501     True    servico
 171          159          160     0.317133    70.361281     0.845688   105.711059     True    servico
 172           14            6     0.154183    34.208089     0.411155    51.394364     True    servico
 173           14          142     1.153073   255.828384     3.074860   384.357549     True    servico
 174          161          162     0.370928    82.296614     0.989142   123.642749     True    servico
 175          161          163     0.521334   115.666623     1.390224   173.777979     True    servico
 176          142          137     0.533786   118.429245     1.423428   177.928553     True    servico
 177          142          164     0.388653    86.229127     1.036408   129.550972     True    servico
 178          165          166     0.260511    57.798720     0.694696    86.837020    False    servico
 179          165          167     0.512508   113.708538     1.366689   170.836145     True    servico
 180           16          168     0.075658    16.786054     0.201755    25.219433     True    servico
 181            8          169     0.151004    33.502818     0.402678    50.334763     True    servico
 182            8          170     0.188469    41.814904     0.502583    62.822872     True    servico
 183          171          172     0.435149    96.545053     1.160397   145.049659    False    servico
 184          171          173     0.081657    18.117077     0.217753    27.219166     True    servico
 185          166          165     0.260511    57.798720     0.694696    86.837020    False    servico
 186          166          174     0.128327    28.471406     0.342204    42.775550     True    servico
 187           81           93     0.297620     0.000000     0.793652    99.206527     True   passagem
 188          175          169     0.173069    38.398239     0.461517    57.689662     True    servico
 189          175          170     0.146241    32.446072     0.389977    48.747103     True    servico
 190          169            9     0.159768    35.447184     0.426048    53.255985     True    servico
 191          169           14     0.470741   104.441708     1.255309   156.913623     True    servico
 192          176          175     0.322855    71.630827     0.860947   107.618431     True    servico
 193          176          177     0.143163    31.763030     0.381767    47.720898     True    servico
 194           95          178     0.501907   111.356398     1.338418   167.302280     True    servico
 195           95          179     0.332424    73.753745     0.886463   110.807911     True    servico
 196          180           17     0.153632     0.000000     0.409685    51.210604     True   passagem
 197          180          181     0.079061     0.000000     0.210830    26.353775     True   passagem
 198           50          159     0.033631     0.000000     0.089683    11.210423     True   passagem
 199           50          182     0.590166   130.938175     1.573776   196.722017     True     BR-356
 200          183           59     0.142776    31.677244     0.380736    47.592014     True    servico
 201          183          184     0.298611    66.251846     0.796296    99.537028    False    servico
 202          164          143     0.252601    56.043677     0.673602    84.200236     True    servico
 203          164          185     0.555483   123.243124     1.481288   185.160943     True    servico
 204          172          171     0.435149    96.545053     1.160397   145.049659    False    servico
 205          172          186     0.162021    35.947169     0.432057    54.007164     True    servico
 206          187          188     0.459403   101.926226     1.225075   153.134354     True    servico
 207          189          190     0.316830    70.294004     0.844880   105.609983     True    servico
 208          189          191     0.414601    91.986226     1.105604   138.200460     True    servico
 209          186          192     0.225909    50.121603     0.602423    75.302889    False    servico
 210          186           23     0.468227   103.884074     1.248607   156.075833     True    servico
 211          193          194     0.074484    16.525470     0.198623    24.827930     True    servico
 212          185          195     0.550578   122.154843     1.468207   183.525906     True    servico
 213          185           67     0.245642    54.499681     0.655044    81.880531    False    servico
 214          184          183     0.298611    66.251846     0.796296    99.537028    False    servico
 215          184          196     1.088852   241.580050     2.903606   362.950797    False    servico
 216          184          197     0.116641    25.878663     0.311042    38.880203    False    servico
 217          198          120     0.256298    56.864083     0.683463    85.432817     True    servico
 218           11          176     0.155697    34.543885     0.415191    51.898866     True    servico
 219           11          193     0.250690    55.619731     0.668506    83.563298     True    servico
 220          195           10     0.173463    38.485695     0.462568    57.821056     True    servico
 221          195           34     0.259935    57.671019     0.693161    86.645161     True    servico
 222           20          187     0.211180    46.853713     0.563146    70.393199     True    servico
 223           20          168     0.453564   100.630777     1.209505   151.188066     True    servico
 224          196          184     1.088852   241.580050     2.903606   362.950797    False    servico
 225          196          199     0.295469    65.554676     0.787917    98.489597     True    servico
 226           76           55     0.510785   113.326162     1.362093   170.261662     True    servico
 227          178          174     0.709362   157.383791     1.891632   236.454013    False    servico
 228          178          200     0.180698    40.090940     0.481862    60.232782     True    servico
 229          140            8     0.126168    27.992452     0.336448    42.055968     True    servico
 230          140          201     0.199220    44.200304     0.531254    66.406707     True    servico
 231          190           51     0.218645    48.509955     0.583052    72.881542     True    servico
 232          190          140     0.216106    47.946689     0.576282    72.035289     True    servico
 233          202          203     1.166689   258.849298     3.111169   388.896181    False    servico
 234          202           68     0.122578    27.195883     0.326874    40.859200     True    servico
 235          162          204     0.495869   110.016863     1.322318   165.289758     True    servico
 236          162          205     0.376852    83.610994     1.004940   125.617479     True    servico
 237          174          178     0.709362   157.383791     1.891632   236.454013    False    servico
 238          174          206     0.242915    53.894759     0.647774    80.971693     True    servico
 239          112          207     0.699150   155.118139     1.864401   233.050089     True    servico
 240          112          208     0.379549    84.209326     1.012131   126.516415     True    servico
 241           67           62     0.408320    90.592589     1.088853   136.106655    False    servico
 242           67          143     0.529741   117.531788     1.412642   176.580210     True    servico
 243           67          185     0.245642    54.499681     0.655044    81.880531    False    servico
 244          204          209     0.245544    54.478137     0.654785    81.848163     True    servico
 245          204          210     0.381833    84.715957     1.018221   127.277580     True    servico
 246          177           12     0.252097    55.931817     0.672257    84.032177     True    servico
 247          177           16     0.264709    58.730076     0.705890    88.236292     True    servico
 248          207          162     0.507634   112.627127     1.353691   169.211429     True    servico
 249          207          163     0.361159    80.129238     0.963092   120.386476     True    servico
 250          211          165     0.033483     7.428675     0.089287    11.160870     True    servico
 251          211          212     0.924813   205.185180     2.466168   308.271003    False    servico
 252          213          214     0.256637    56.939096     0.684364    85.545517     True    servico
 253          213          215     0.729068   161.755829     1.944181   243.022579     True    servico
 254          216            4     0.151712    33.659945     0.404567    50.570831     True    servico
 255          216          111     0.046934    10.413160     0.125158    15.644772     True    servico
 256          124           27     0.088282    19.586763     0.235418    29.427228     True    servico
 257          124          217     0.108280    24.023799     0.288748    36.093447     True    servico
 258          218           64     0.216239    47.976160     0.576637    72.079567     True    servico
 259          218          219     0.631034   140.005303     1.682756   210.344506     True    servico
 260          218          220     0.473682   105.094232     1.263152   157.893978     True    servico
 261          212          167     0.389532    86.424152     1.038752   129.843979     True    servico
 262          212          211     0.924813   205.185180     2.466168   308.271003    False    servico
 263           26          221     0.232393    51.560191     0.619714    77.464229     True    servico
 264           26          222     0.525034   116.487499     1.400090   175.011266     True    servico
 265           22           48     0.495718   109.983359     1.321915   165.239422     True    servico
 266          206          152     0.303080    67.243394     0.808214   101.026734     True    servico
 267          206          223     0.285478    63.337974     0.761274    95.159216    False    servico
 268          224           24     0.379070    84.103082     1.010854   126.356794     True    servico
 269          224           12     0.289370    64.201646     0.771654    96.456800     True    servico
 270          208          121     0.408762    90.690647     1.090032   136.253977     True    servico
 271          208          225     0.381381    84.615836     1.017017   127.127158     True    servico
 272          201           51     0.230957    51.241662     0.615885    76.985670     True    servico
 273          223          206     0.285478    63.337974     0.761274    95.159216    False    servico
 274          179           40     0.702456   155.851586     1.873216   234.152022     True    servico
 275          179           81     0.036711     0.000000     0.097897    12.237100     True   passagem
 276          217          226     0.173246    38.437525     0.461989    57.748686     True    servico
 277          217          227     0.115589     0.000000     0.308239    38.529831     True   passagem
 278          168          176     0.245709    54.514735     0.655225    81.903147     True    servico
 279          168          193     0.148317    32.906560     0.395512    49.438942     True    servico
 280          228          198     0.074537    16.537184     0.198764    24.845529     True    servico
 281          228          181     0.022660     0.000000     0.060425     7.553186     True   passagem
 282           41          229     0.107636    23.880853     0.287029    35.878686     True    servico
 283           28          230     0.093800    20.811168     0.250134    31.266780     True    servico
 284           28          231     0.105359    23.375669     0.280958    35.119695     True    servico
 285          230          216     0.286390    63.540452     0.763707    95.463419     True    servico
 286           29           41     0.501340   111.230685     1.336907   167.113409     True    servico
 287           29          232     0.098823    21.925590     0.263529    32.941090     True    servico
 288          233          109     0.058099     0.000000     0.154931    19.366376     True   passagem
 289          233          234     0.238874     0.000000     0.636996    79.624539     True   passagem
 290          109          235     0.131741    29.229005     0.351310    43.913769     True    servico
 291          232          128     0.112497    24.959344     0.299992    37.499015     True    servico
 292          232          133     0.683623   151.673244     1.822996   227.874465     True    servico
 293          236          183     0.289012    64.122227     0.770700    96.337481     True    servico
 294          236          237     0.382172    84.791241     1.019125   127.390686     True    servico
 295          238          233     0.434391     0.000000     1.158376   144.796959     True   passagem
 296          239          215     0.232643    51.615725     0.620381    77.547664     True    servico
 297          205          149     0.384829    85.380718     1.026211   128.276319     True    servico
 298          205          240     0.503899   111.798331     1.343730   167.966242    False    servico
 299          205          241     0.503380   111.683288     1.342347   167.793401    False    servico
 300          240          207     0.377370    83.725862     1.006320   125.790057     True    servico
 301          240          208     0.696771   154.590212     1.858055   232.256930     True    servico
 302          240          205     0.503899   111.798331     1.343730   167.966242    False    servico
 303          242          218     0.351129    77.903789     0.936344   117.042952     True    servico
 304          170          201     0.130863    29.034239     0.348969    43.621152     True    servico
 305          170           57     0.251165    55.725160     0.669774    83.721695     True    servico
 306          147          220     0.552596   122.602665     1.473590   184.198715     True    servico
 307          150          243     0.260179    57.724997     0.693810    86.726258     True    servico
 308          244           53     1.052197   233.447364     2.805858   350.732218     True    servico
 309          244          141     0.162283    36.005214     0.432755    54.094372    False    servico
 310          114          231     0.111655    24.772515     0.297747    37.218322     True    servico
 311          114          230     0.180158     0.000000     0.480422    60.052708     True   passagem
 312          245           76     0.090437    20.064878     0.241164    30.145550     True    servico
 313          245           77     0.104395     0.000000     0.278386    34.798232     True   passagem
 314          200          246     0.592362   131.425392     1.579632   197.454014     True    servico
 315          200          247     0.322750    71.607496     0.860667   107.583377     True    servico
 316          241          204     0.359692    79.803584     0.959178   119.897212     True    servico
 317          241          205     0.503380   111.683288     1.342347   167.793401    False    servico
 318          241          248     0.756198   167.775066     2.016527   252.065905    False    servico
 319           77          249     0.952851     0.000000     2.540937   317.617159     True   passagem
 320          250          251     0.257451    57.119802     0.686536    85.817010     True    servico
 321          250          252     0.848469   188.246984     2.262584   282.822993     True    servico
 322          253          166     0.411106    91.210745     1.096283   137.035375     True    servico
 323          253          200     0.495101   109.846498     1.320270   165.033801     True    servico
 324          254          159     0.224008    49.699925     0.597355    74.669358     True    servico
 325          181          255     0.025903     0.000000     0.069075     8.634428     True   passagem
 326          181           17     0.086525     0.000000     0.230734    28.841768     True   passagem
 327           84          104     0.189169    41.970262     0.504450    63.056283     True    servico
 328           84          119     0.119085    26.421023     0.317560    39.695046     True    servico
 329          167          253     0.250249    55.521869     0.667330    83.416270     True    servico
 330          167          256     0.325319    72.177384     0.867517   108.439579     True    servico
 331          257          116     0.414806    92.031597     1.106149   138.268625    False    servico
 332          257          239     0.073702    16.351957     0.196538    24.567244     True    servico
 333          214          239     0.770666   170.985108     2.055109   256.888683     True    servico
 334          214          252     0.496584   110.175404     1.324224   165.527950     True    servico
 335          246          179     0.361698    80.248741     0.964528   120.566018     True    servico
 336          258          242     0.209182    46.410606     0.557820    69.727474     True    servico
 337          258          259     0.619743   137.500322     1.652648   206.581012     True    servico
 338          163          133     0.276881    61.430619     0.738349    92.293598     True    servico
 339          163          129     0.687810   152.602107     1.834160   229.269992     True    servico
 340          215          115     0.486807   108.006235     1.298152   162.268983     True    servico
 341          215          260     0.245745    54.522645     0.655320    81.915031     True    servico
 342          194           33     0.144626    32.087583     0.385668    48.208508     True    servico
 343          194          187     0.418350    92.818030     1.115601   139.450165     True    servico
 344           37           91     0.353455    78.419920     0.942547   117.818390     True    servico
 345           37          118     0.136876    30.368227     0.365003    45.625340     True    servico
 346          255          228     0.040124     8.902255     0.106998    13.374782     True    servico
 347          255          261     0.067958     0.000000     0.181220    22.652538     True   passagem
 348          262          150     0.486949   108.037820     1.298531   162.316436     True    servico
 349          262          263     0.284652    63.154797     0.759072    94.884011     True    servico
 350          134          246     0.330896    73.414796     0.882389   110.298672     True    servico
 351          134          247     0.545773   121.088834     1.455395   181.924330    False    servico
 352          260          264     0.348823    77.392135     0.930194   116.274241     True    servico
 353          260          265     0.705325   156.487996     1.880865   235.108168     True    servico
 354          129          130     0.146811    32.572517     0.391497    48.937074     True    servico
 355          129          112     0.378241    83.919115     1.008643   126.080402     True    servico
 356          129           28     0.408038    90.530092     1.088102   136.012758     True    servico
 357          221          110     0.319126    70.803347     0.851002   106.375220     True    servico
 358          266          151     1.014043   224.982413     2.704116   338.014443     True    servico
 359          188          267     0.211345    46.890343     0.563586    70.448232     True    servico
 360          188          268     0.562825   124.872095     1.500867   187.608316     True    servico
 361          269          270     0.350648    77.797134     0.935062   116.882714     True    servico
 362          269          271     0.292781    64.958255     0.780748    97.593532     True    servico
 363          209          248     0.136693    30.327638     0.364515    45.564359     True    servico
 364          267          146     0.371225    82.362475     0.989934   123.741699     True    servico
 365          267           20     0.459939   102.045193     1.226505   153.313090     True    servico
 366          192          186     0.225909    50.121603     0.602423    75.302889    False    servico
 367          192           30     0.187647    41.632636     0.500392    62.549032     True    servico
 368           66           19     0.241471    53.574306     0.643922    80.490243     True    servico
 369           66          146     0.471886   104.695722     1.258362   157.295255     True    servico
 370          261          227     0.213491    47.366485     0.569309    71.163590     True    servico
 371           87          122     0.306525    68.007743     0.817401   102.175094     True    servico
 372           57          177     0.376732    83.584342     1.004619   125.577437     True    servico
 373           57          224     0.171968    38.153928     0.458581    57.322608     True    servico
 374          141          190     0.443057    98.299661     1.181486   147.685789     True    servico
 375          141          244     0.162283    36.005214     0.432755    54.094372    False    servico
 376          141          191     0.305664    67.816602     0.815103   101.887924     True    servico
 377          272          253     0.332852    73.848669     0.887604   110.950524     True    servico
 378          272          247     0.502468   111.480876     1.339914   167.489296    False    servico
 379          272          256     0.249891    55.442418     0.666375    83.296902    False    servico
 380           60          199     0.559510   124.136714     1.492028   186.503477     True    servico
 381          268           58     0.293258    65.064139     0.782021    97.752613     True    servico
 382          268           60     0.378821    84.047791     1.010190   126.273725     True    servico
 383          222          242     0.620434   137.653571     1.654490   206.811255     True    servico
 384          222          219     0.358548    79.549786     0.956127   119.515904     True    servico
 385          273          152     0.244817    54.316691     0.652845    81.605605     True    servico
 386          273           94     0.023068     0.000000     0.061513     7.689184    False   passagem
 387          273          211     0.727550   161.419042     1.940133   242.516590     True    servico
 388           23          171     0.317829    70.515695     0.847544   105.943051     True    servico
 389           23          274     0.366608    81.338069     0.977621   122.202627     True    servico
 390          210          161     0.497788   110.442556     1.327435   165.929320     True    servico
 391          210          275     0.297107    65.918146     0.792285    99.035676     True    servico
 392          123           96     0.333883    74.077482     0.890354   111.294293     True    servico
 393          123           37     0.190017    42.158380     0.506711    63.338912     True    servico
 394          125          107     0.184720    40.983136     0.492586    61.573221     True    servico
 395          125          234     0.059451     0.000000     0.158536    19.817028     True   passagem
 396          229          255     0.108118    23.987872     0.288316    36.039471     True    servico
 397          229          261     0.106555    23.641070     0.284147    35.518434     True    servico
 398          276          258     0.477550   105.952430     1.273467   159.183338     True    servico
 399          276          269     0.691158   153.344815     1.843087   230.385840     True    servico
 400          148          192     0.348263    77.268059     0.928703   116.087829     True    servico
 401          148           32     0.211758    46.982133     0.564689    70.586138     True    servico
 402          247          134     0.545773   121.088834     1.455395   181.924330    False    servico
 403          247          272     0.502468   111.480876     1.339914   167.489296    False    servico
 404          247          135     0.335337    74.399997     0.894231   111.778842     True    servico
 405          264           99     0.490518   108.829588     1.308048   163.505991     True    servico
 406          264          277     0.123665    27.437064     0.329772    41.221551     True    servico
 407          132          131     0.218433    48.463056     0.582489    72.811082    False    servico
 408          132          278     0.346723    76.926350     0.924596   115.574443    False    servico
 409          132          270     0.409154    90.777581     1.091077   136.384587    False    servico
 410          132          279     0.639981   141.990530     1.706617   213.327118    False    servico
 411           13           15     0.210448    46.691344     0.561194    70.149255     True    servico
 412           13           66     0.522920   116.018558     1.394454   174.306727     True    servico
 413          279          225     0.346742    76.930554     0.924646   115.580760     True    servico
 414          279          132     0.639981   141.990530     1.706617   213.327118    False    servico
 415           38          123     0.208035    46.155938     0.554759    69.344858     True    servico
 416           38          125     0.125599    27.866216     0.334930    41.866310     True    servico
 417          280          250     0.235708    52.295703     0.628554    78.569266     True    servico
 418          280          281     0.249631    55.384810     0.665683    83.210351    False    serviço
 419          282          264     0.542277   120.313228     1.446072   180.759057     True    servico
 420          282          283     0.143900    31.926532     0.383732    47.966544     True    servico
 421          281          280     0.249631    55.384810     0.665683    83.210351    False    serviço
 422          281          251     0.220192    48.853248     0.587178    73.397308    False    servico
 423          281          284     0.221519    49.147657     0.590717    73.839629    False    servico
 424          197          184     0.116641    25.878663     0.311042    38.880203    False    servico
 425          197          237     0.245879    54.552369     0.655678    81.959689    False    servico
 426          197          203     0.137288    30.459731     0.366103    45.762817    False    servico
 427           99          285     0.240375    53.331237     0.641000    80.125055     True     BR-356
 428          160          173     0.457746   101.558640     1.220657   152.582092     True    servico
 429          160          172     0.096217    21.347256     0.256578    32.072200     True    servico
 430          286          244     0.298862    66.307600     0.796966    99.620793     True    servico
 431          286          245     0.786588   174.517722     2.097569   262.196097     True    servico
 432          237          197     0.245879    54.552369     0.655678    81.959689    False    servico
 433          237          287     0.416474    92.401778     1.110598   138.824787     True    servico
 434          101          127     0.320899    71.196871     0.855732   106.966452     True    servico
 435          101          288     0.258168    57.278964     0.688449    86.056136     True    servico
 436          287          182     0.937613   208.025171     2.500303   312.537817     True    servico
 437          251          257     0.237363    52.662924     0.632968    79.120980     True    servico
 438          251          281     0.220192    48.853248     0.587178    73.397308    False    servico
 439          284          281     0.221519    49.147657     0.590717    73.839629    False    servico
 440          284          280     0.478198   106.096193     1.275195   159.399328     True    servico
 441          278          269     0.422228    93.678298     1.125941   140.742635     True    servico
 442          278          132     0.346723    76.926350     0.924596   115.574443    False    servico
 443          278          289     0.318323    70.625318     0.848862   106.107749    False    servico
 444          116          257     0.414806    92.031597     1.106149   138.268625    False    servico
 445          116          284     0.237046    52.592669     0.632123    79.015428     True    servico
 446          277           72     0.126162    27.991240     0.336433    42.054146     True    servico
 447          277          283     0.499909   110.913064     1.333090   166.636213     True    servico
 448           47           69     0.132436    29.383100     0.353162    44.145282     True     BR-356
 449           47          290     0.475639   105.528507     1.268371   158.546435     True    servico
 450           71           69     0.480177   106.535195     1.280471   160.058886    False    servico
 451           71          290     0.140724    31.221901     0.375263    46.907903     True    servico
 452          248          241     0.756198   167.775066     2.016527   252.065905    False    servico
 453          265          266     0.094229    20.906210     0.251277    31.409571     True    servico
 454          265          291     0.163357    36.243519     0.435619    54.452402     True    servico
 455          265          213     0.251928    55.894328     0.671807    83.975854     True    servico
 456          256          272     0.249891    55.442418     0.666375    83.296902    False    servico
 457          256          292     0.315365    69.969083     0.840975   105.121820     True    servico
 458          243          214     0.513512   113.931176     1.369365   171.170638     True    servico
 459          243          293     0.490551   108.836907     1.308136   163.516988     True    servico
 460          293          262     0.257468    57.123611     0.686582    85.822733     True    servico
 461          235            3     0.298606    66.250761     0.796283    99.535398     True    servico
 462          235            2     0.330667    73.363901     0.881778   110.222206     True    servico
 463          270          132     0.409154    90.777581     1.091077   136.384587    False    servico
 464          270          294     0.158892    35.252737     0.423711    52.963847     True    servico
 465           35          195     0.251766    55.858454     0.671376    83.921955     True    servico
 466           35           67     0.544041   120.704582     1.450776   181.347028     True    servico
 467          199          188     0.390308    86.596355     1.040822   130.102697     True    servico
 468          199           35     0.824097   182.839752     2.197593   274.699146     True    servico
 469           79           21     0.196542    43.606150     0.524112    65.514047     True    servico
 470           79          274     0.562872   124.882598     1.500993   187.624096     True    servico
 471          283          271     0.104670    23.222718     0.279119    34.889901     True    servico
 472           80           78     0.386942    85.849608     1.031846   128.980782    False    servico
 473           80          276     0.249047    55.255324     0.664126    83.015811     True    servico
 474           49           78     0.245987    54.576408     0.655966    81.995805     True    servico
 475           49          276     0.366310    81.271943     0.976826   122.103279     True    servico
 476          274          148     0.449265    99.676834     1.198039   149.754859     True    servico
 477          274          147     0.493806   109.559070     1.316816   164.601968     True    servico
 478          295          139     0.377560    83.767889     1.006826   125.853199     True    servico
 479          295           49     0.105438    23.393256     0.281169    35.146118     True    servico
 480          290          139     0.303620    67.363233     0.809654   101.206781     True    servico
 481          290          296     0.413511    91.744217     1.102695   137.836865     True    servico
 482          173           22     0.615032   136.455010     1.640084   205.010532     True    servico
 483          234           39     0.193136     0.000000     0.515029    64.378614     True   passagem
 484          271           72     0.474738   105.328635     1.265969   158.246146     True    servico
 485          271          296     0.381454    84.631879     1.017210   127.151260     True    servico
 486           94          273     0.023068     0.000000     0.061513     7.689184    False   passagem
 487           39           36     0.085741     0.000000     0.228642    28.580296    False   passagem
 488           39          180     0.550343     0.000000     1.467581   183.447625     True   passagem
 489          158          295     0.829027   183.933555     2.210740   276.342481     True    servico
 490          158          289     0.265868    58.987317     0.708982    88.622772    False    servico
 491          226          228     0.077636     0.000000     0.207029    25.878627     True   passagem
 492          226          198     0.088881     0.000000     0.237015    29.626873     True   passagem
 493          219           24     0.431259    95.681995     1.150024   143.752998     True    servico
 494          219           13     0.455689   101.102142     1.215170   151.896246     True    servico
 495          297          285     0.078985     0.000000     0.210628    26.328456    False   passagem
 496          227           27     0.113052    25.082540     0.301473    37.684105     True    servico
 497          249          238     0.629543     0.000000     1.678781   209.847681     True   passagem
 498          203          202     1.166689   258.849298     3.111169   388.896181    False    servico
 499          203          197     0.137288    30.459731     0.366103    45.762817    False    servico
 500          203          298     0.281293    62.409518     0.750114    93.764300    False    servico
 501          298          287     0.212580    47.164374     0.566879    70.859936     True    servico
 502          298          203     0.281293    62.409518     0.750114    93.764300    False    servico
 503           63          202     0.309613    68.692892     0.825636   103.204465     True    servico
 504           63          298     1.240649   275.258553     3.308396   413.549508     True    servico
 505           31          236     0.375532    83.317933     1.001417   125.177182     True    servico
 506           31          254     0.234487    52.024947     0.625300    78.162481     True    servico
 507          292          299     0.299597    66.470648     0.798926    99.865757     True    servico
 508          275          272     0.321326    71.291446     0.856868   107.108543     True    servico
 509          275          292     0.253102    56.154816     0.674938    84.367212     True    servico
 510          135          161     0.292992    65.005077     0.781311    97.663877     True    servico
 511          135          275     0.497953   110.479191     1.327875   165.984361     True    servico
 512          151          240     0.393029    87.200120     1.048078   131.009796     True    servico
 513          151          279     0.341367    75.737996     0.910312   113.789056     True    servico
 514          294          266     0.185519    41.160459     0.494717    61.839632     True    servico
 515          294          265     0.193406    42.910326     0.515749    64.468638     True    servico
 516          294          291     0.174681    38.755916     0.465816    58.227037     True    servico
 517          225          126     0.544059   120.708601     1.450825   181.353066     True    servico
 518          225          278     0.643870   142.853361     1.716988   214.623440     True    servico
 519          127          157     0.201831    44.779489     0.538215    67.276877     True    servico
 520          127          259     0.091643     0.000000     0.244381    30.547679     True   passagem
 521          191          286     0.154683    34.319087     0.412489    51.561128     True    servico
 522          191          249     0.044630     9.901944     0.119014    14.876718     True    servico
 523          259          222     0.250413    55.558210     0.667767    83.470869     True    servico
 524          259          288     0.307757    68.280967     0.820685   102.585587     True    servico
 525          182          236     0.176914    39.251321     0.471771    58.971335     True    servico
 526          182          254     0.359689    79.802934     0.959170   119.896235     True    servico
 527          155          153     0.107942    23.948640     0.287844    35.980529    False    servico
 528          300          289     0.328337    72.846942     0.875564   109.445526    False    servico
 529          289          278     0.318323    70.625318     0.848862   106.107749    False    servico
 530          289          158     0.265868    58.987317     0.708982    88.622772    False    servico
 531          289          300     0.328337    72.846942     0.875564   109.445526    False    servico
 532          252          293     0.438200    97.221934     1.168533   146.066608     True    servico
 533          285          115     0.240937    53.455897     0.642499    80.312346     True     BR-356
 534          285          260     0.487404   108.138631     1.299743   162.467895     True    servico
 535          285          297     0.078985     0.000000     0.210628    26.328456    False   passagem
 536          263          149     0.493903   109.580517     1.317074   164.634190     True    servico
 537          263          241     0.396594    87.990914     1.057583   132.197887     True    servico
 538           42          232     0.372789    82.709460     0.994104   124.263010     True    servico
 539           42          153     0.333111    73.906259     0.888296   111.037047    False    servico
 540          299          209     0.365083    80.999677     0.973554   121.694227     True    servico
 541          299          210     0.255986    56.794666     0.682628    85.328524     True    servico
 542          144          106     0.057433    12.742423     0.153154    19.144266     True    servico
 543          291          282     0.317334    70.405816     0.846224   105.777968     True    servico
 544          231           82     0.103822    23.034631     0.276859    34.607318     True    servico
 545          231          124     0.196048    43.496453     0.522794    65.349238     True    servico
 546           68           62     0.370810    82.270313     0.988826   123.603235    False    servico
 547           68          196     0.255146    56.608337     0.680389    85.048584     True    servico
 548          220           79     0.396810    88.038865     1.058159   132.269930     True    servico
 549          220           80     0.279340    61.976160     0.744906    93.113222     True    servico
 550          296          295     0.198925    44.134717     0.530465    66.308169     True    servico
 551          301          145     0.621153   137.813102     1.656407   207.050934     True    servico
 552          301          144     0.048261     0.000000     0.128696    16.087004     True   passagem
 553            2          189     0.208149    46.181364     0.555064    69.383059     True    servico
 554            2          238     0.058988     0.000000     0.157301    19.662638     True   passagem
 555          288          221     0.233514    51.808978     0.622704    77.838008     True    servico
 556          106           98     1.768031   392.267155     4.714749   589.343683     True    servico
 557          106          301     0.102617     0.000000     0.273646    34.205736     True   passagem
 558           32          267     0.568005   126.021411     1.514680   189.335052     True    servico
 559           32          268     0.219907    48.790111     0.586420    73.302450     True    servico
 560          103           56     0.147506    32.726668     0.393349    49.168672    False    servico
 561          103          108     0.168702    37.429404     0.449873    56.234080    False    servico
 562          103            3     0.181050    40.168989     0.482800    60.350044    False    servico
 563            3            1     0.259327    57.535957     0.691538    86.442243    False    servico
 564            3           52     0.140271    31.121476     0.374056    46.757026     True    servico
 565            3          103     0.181050    40.168989     0.482800    60.350044    False    servico

  id           no  demanda       CS
   0           99      580        6
   1          252      970        8
   2          291      650        5
   3          220      729        5
