  2647883776	           1
  1200465894	           2
  2647883774	           3
  2647883784	           4
  1801769458	           5
  2647883791	           6
  1215470397	           7
  1227355158	           8
  2647883794	           9
  2647883798	          10
  1227355223	          11
  2647883795	          12
  1198360416	          13
  1215493130	          14
  2647883799	          15
  1200464915	          16
  1200465943	          17
  1269518815	          18
  2647883802	          19
  1200524381	          20
  1200465957	          21
  1200465103	          22
  1200465688	          23
  1200465969	          24
  1801769467	          25
  1200465091	          26
  1200465985	          27
  1200524560	          28
  2466854166	          29
  1200466016	          30
  1200465829	          31
  1200465912	          32
  5116534887	          33
  5116534888	          34
      -39036	          35
  1200466053	          36
  1200465369	          37
  1198360418	          38
      -39018	          39
  1200466069	          40
  2466854158	          41
  2647883706	          42
  3221145773	          43
  3218294983	          44
  1195741617	          45
  3218294973	          46
  1237684088	          47
  3218294979	          48
      -39028	          49
  1227355178	          50
  1215508702	          51
  1215508704	          52
  1215508703	          53
  1215470404	          54
  1200524204	          55
  1801769465	          56
  1200465621	          57
  2591478053	          58
  2591478059	          59
  1198360312	          60
  1264453991	          61
  1264454006	          62
      -39004	          63
  4387496301	          64
  4387496303	          65
  1200465568	          66
  1227355272	          67
  1195866064	          68
  1237684072	          69
  1195741681	          70
  1237684091	          71
  1195741600	          72
  2793927570	          73
  1195741673	          74
  1036902846	          75
  1200524395	          76
  1036905853	          77
  1237684086	          78
      -39032	          79
  1237684107	          80
  2587347994	          81
  1801769443	          82
  1801769478	          83
  1200524690	          84
  1801769450	          85
  1801769451	          86
  1200465600	          87
  1801769452	          88
  1801769464	          89
  1801769454	          90
  1801769481	          91
  1801769487	          92
  1036909039	          93
      -39020	          94
  1200524328	          95
  1801769455	          96
  1801769488	          97
  1195741691	          98
  1237684070	          99
  5117971109	         100
  1195800433	         101
  1801769463	         102
  2647883773	         103
  1801769466	         104
  1801769499	         105
  1201623021	         106
  1801769468	         107
  1801769479	         108
  2466854175	         109
  1801769472	         110
  1801769475	         111
  1217426568	         112
  1801769485	         113
  1200465254	         114
  1195741700	         115
      -39050	         116
  1801769482	         117
  1801769496	         118
  1801769500	         119
  1801769484	         120
  1801769495	         121
  1801769486	         122
  1195865902	         123
  1200465054	         124
  1198360377	         125
  5117971110	         126
      -38992	         127
  5117971127	         128
  1200524856	         129
  5117971130	         130
  5117971137	         131
  1237684063	         132
  1215550216	         133
  1215550235	         134
  1215550240	         135
  1202909963	         136
  1227355258	         137
  1198360286	         138
  1215493136	         139
  1201622968	         140
  2793927576	         141
  1200524230	         142
  1200524636	         143
      -38996	         144
  1200464853	         145
  2723838939	         146
  2723838942	         147
  2647883699	         148
  2723838950	         149
  2723838952	         150
  1237684119	         151
  1200464892	         152
  1195865964	         153
  1227355182	         154
  2587347987	         155
  2587347991	         156
  1200524695	         157
  1200465160	         158
  1227355173	         159
  1200465222	         160
  1227355159	         161
  1227355185	         162
      -39024	         163
  1200465031	         164
  1215493147	         165
  1227355175	         166
  1227355282	         167
  1232303221	         168
  1200465143	         169
  1200464936	         170
  1200465297	         171
  1195866036	         172
  1227355177	         173
  1227355215	         174
  1227355210	         175
  1227355194	         176
  1200524344	         177
  1200569962	         178
  1227355193	         179
  1227355260	         180
  1198360497	         181
  1200465551	         182
  1227355207	         183
  1200569816	         184
  1227355226	         185
  1227355230	         186
      -39062	         187
  1200464982	         188
      -39034	         189
  1200524664	         190
  1200465133	         191
  1227355263	         192
      -39008	         193
  1217426562	         194
  1217426575	         195
  1200569659	         196
  2792912092	         197
  1217426581	         198
  1200569568	         199
  1264443010	         200
  1264443178	         201
  1200524725	         202
  1232303253	         203
  1232303282	         204
  1200524442	         205
  1200524708	         206
  1200524741	         207
  1217426588	         208
  1200465158	         209
  1200524464	         210
  1198360473	         211
  1195800543	         212
  1200465470	         213
  1198360329	         214
  2792912113	         215
  1200465117	         216
      -38994	         217
      -39016	         218
  1200465820	         219
  2792912138	         220
  1198360389	         221
  2792912147	         222
  1200465870	         223
  1200465193	         224
  2466854168	         225
  1036906383	         226
  1198360440	         227
      -38998	         228
  1200569646	         229
      -39056	         230
  2466854191	         231
  1200524602	         232
  1200569670	         233
  1200569724	         234
  1200524614	         235
  1200465234	         236
      -39042	         237
  2466854238	         238
  1200524659	         239
  1200524713	         240
  1264443221	         241
      -39044	         242
  1198360479	         243
  1200524671	         244
      -39054	         245
      -38984	         246
  1200524676	         247
  1200569742	         248
  1200465400	         249
  1264443261	         250
  1200524705	         251
  1200524715	         252
      -38990	         253
  1264442912	         254
  1200524838	         255
  1200465592	         256
  1200524805	         257
      -38982	         258
  1237684054	         259
  1195800444	         260
  2466831972	         261
  1200465541	         262
  1198360323	         263
  1200465522	         264
  1237684093	         265
      -39022	         266
  1264443117	         267
  1264443155	         268
      -39030	         269
      -39000	         270
  1195865928	         271
  1237684084	         272
  1237684083	         273
  1237684066	         274
      -39066	         275
      -39064	         276
  1237684071	         277
  1237684106	         278
  1195800504	         279
      -39052	         280
  1198360429	         281
      -39058	         282
  1195800553	         283
      -38986	         284
  1237684109	         285
  1195800514	         286
      -39002	         287
      -39040	         288
  1195800492	         289
      -39026	         290
  1195800546	         291
      -39014	         292
      -39006	         293
      -38980	         294
      -38988	         295
  1201623013	         296
