  id   u     v       length       demanda         CS           CA       oneway  status
   0   253   257    18.099584     0.000000     0.144797     0.054299    False   passagem
   1   253   255   343.493664     0.000000     2.747949     1.030481    False   passagem
   2   254   168    24.114721    16.050758     0.192918     0.072344    False  undefined
   3   254   255    15.212856     0.000000     0.121703     0.045639     True   passagem
   4   254   165   163.723645   108.974458     1.309789     0.491171    False  undefined
   5   255    8    18.504131     0.000000     0.148033     0.055512    False   passagem
   6   255   256    19.965273     0.000000     0.159722     0.059896     True   passagem
   7   255   253   343.493664     0.000000     2.747949     1.030481    False   passagem
   8   256   253   333.869863     0.000000     2.670959     1.001610     True   passagem
   9   257   253    18.099584     0.000000     0.144797     0.054299    False   passagem
  10   257   258   103.377888     0.000000     0.827023     0.310134     True   passagem
  11   257   259   467.587291     0.000000     3.740698     1.402762    False   passagem
  12   258   165    94.838834    63.124728     0.758711     0.284517    False  undefined
  13   258   161    59.108057    39.342322     0.472864     0.177324    False  undefined
  14   259   261    95.051698     0.000000     0.760414     0.285155    False   passagem
  15   259   245   159.455159     0.000000     1.275641     0.478365     True   passagem
  16   259   257   467.587291     0.000000     3.740698     1.402762    False   passagem
  17   260   107     5.043207     3.356759     0.040346     0.015130    False  undefined
  18   260   261    56.308450     0.000000     0.450468     0.168925     True   passagem
  19   260   134   262.440801   174.680597     2.099526     0.787322    False  undefined
  20   261   259    95.051698     0.000000     0.760414     0.285155    False   passagem
  21   261   109    58.713289     0.000000     0.469706     0.176140    False   passagem
  22   250   64    31.399096     0.000000     0.251193     0.094197    False   passagem
  23   250   70   184.353170   122.705470     1.474825     0.553060     True  undefined
  24   249   256    34.950167     0.000000     0.279601     0.104851     True   passagem
  25   249    8    23.683709     0.000000     0.189470     0.071051     True   passagem
  26   16   78   235.037660   156.441067     1.880301     0.705113    False  undefined
  27   16   104   116.512272    77.550568     0.932098     0.349537    False  undefined
  28   16   209   111.544608    74.244091     0.892357     0.334634    False  undefined
  29   16   138   203.929925   135.735758     1.631439     0.611790    False  undefined
  30   17   18    76.978997    51.237220     0.615832     0.230937    False  undefined
  31   17   124    14.066151     9.362430     0.112529     0.042198    False  undefined
  32   17   139   163.703098   108.960782     1.309625     0.491109     True  undefined
  33   18   17    76.978997    51.237220     0.615832     0.230937    False  undefined
  34   18   19    76.224403    50.734962     0.609795     0.228673    False  undefined
  35   18   243    37.704548    25.096147     0.301636     0.113114    False  undefined
  36   19   18    76.224403    50.734962     0.609795     0.228673    False  undefined
  37   19   21    79.464529    52.891591     0.635716     0.238394    False  undefined
  38   19   244    17.551248    11.682111     0.140410     0.052654    False  undefined
  39   20   22   167.707653   111.626214     1.341661     0.503123    False  undefined
  40   20   11    77.063833    51.293687     0.616511     0.231192    False  undefined
  41   20   12    72.832927    48.477596     0.582663     0.218499    False  undefined
  42   20   146    45.520921    30.298725     0.364167     0.136563    False  undefined
  43   21   19    79.464529    52.891591     0.635716     0.238394    False  undefined
  44   21   233    38.015921    25.303397     0.304127     0.114048    False  undefined
  45   21   158    74.735232    49.743770     0.597882     0.224206    False  undefined
  46   22   20   167.707653   111.626214     1.341661     0.503123    False  undefined
  47   22   24    78.044432    51.946374     0.624355     0.234133    False  undefined
  48   22   141    97.574692    64.945715     0.780598     0.292724    False  undefined
  49   23   24    61.884650    41.190423     0.495077     0.185654    False  undefined
  50   23   162    72.238940    48.082238     0.577912     0.216717    False  undefined
  51   23   224    45.165526    30.062174     0.361324     0.135497    False  undefined
  52   24   22    78.044432    51.946374     0.624355     0.234133    False  undefined
  53   24   23    61.884650    41.190423     0.495077     0.185654    False  undefined
  54   24   26   228.742015   152.250685     1.829936     0.686226    False  undefined
  55   25   237    26.780880    17.825354     0.214247     0.080343    False  undefined
  56   25   240    28.068797    18.682591     0.224550     0.084206    False  undefined
  57   25   227    44.141301    29.380450     0.353130     0.132424    False  undefined
  58   26   29    70.386540    46.849281     0.563092     0.211160    False  undefined
  59   26   162    73.310318    48.795348     0.586483     0.219931    False  undefined
  60   26   228    44.865003    29.862146     0.358920     0.134595    False  undefined
  61   26   24   228.742015   152.250685     1.829936     0.686226    False  undefined
  62   27   28    60.061650    39.977034     0.480493     0.180185    False  undefined
  63   27   238    48.272403    32.130112     0.386179     0.144817    False  undefined
  64   27   32    97.069752    64.609627     0.776558     0.291209    False  undefined
  65   28   27    60.061650    39.977034     0.480493     0.180185    False  undefined
  66   28   240    44.457463    29.590887     0.355660     0.133372    False  undefined
  67   28   229    43.005541    28.624488     0.344044     0.129017    False  undefined
  68   28   31    71.636961    47.681561     0.573096     0.214911    False  undefined
  69   29   26    70.386540    46.849281     0.563092     0.211160    False  undefined
  70   29   30    51.411108    34.219234     0.411289     0.154233    False  undefined
  71   29   34    73.951472    49.222100     0.591612     0.221854    False  undefined
  72   29   230    44.005619    29.290140     0.352045     0.132017    False  undefined
  73   30   29    51.411108    34.219234     0.411289     0.154233    False  undefined
  74   31   34   133.058502    88.563739     1.064468     0.399176    False  undefined
  75   31   37    74.931665    49.874516     0.599453     0.224795    False  undefined
  76   31   28    71.636961    47.681561     0.573096     0.214911    False  undefined
  77   32   278    54.096205    36.006434     0.432770     0.162289    False  undefined
  78   32   27    97.069752    64.609627     0.776558     0.291209    False  undefined
  79   32   40   130.509933    86.867412     1.044079     0.391530    False  undefined
  80   241   242   116.129202    77.295597     0.929034     0.348388    False  undefined
  81   241   203    32.418747    21.577918     0.259350     0.097256    False  undefined
  82   241   208    46.716047    31.094201     0.373728     0.140148    False  undefined
  83   242   241   116.129202    77.295597     0.929034     0.348388    False  undefined
  84   242   86    33.618405    22.376410     0.268947     0.100855    False  undefined
  85   242   131   268.005079   178.384180     2.144041     0.804015    False  undefined
  86   243   18    37.704548    25.096147     0.301636     0.113114    False  undefined
  87   243   244    73.258174    48.760640     0.586065     0.219775    False  undefined
  88   243   231    41.089937    27.349462     0.328719     0.123270    False  undefined
  89   33   278    61.224963    40.751336     0.489800     0.183675    False  undefined
  90   33   166   113.191345    75.340159     0.905531     0.339574    False  undefined
  91   33   154   285.109509   189.768889     2.280876     0.855329    False  undefined
  92   33   47   288.434368   191.981915     2.307475     0.865303    False  undefined
  93   245       4    57.096382     0.000000     0.456771     0.171289     True   passagem
  94   244   19    17.551248    11.682111     0.140410     0.052654    False  undefined
  95   244   243    73.258174    48.760640     0.586065     0.219775    False  undefined
  96   244   232    43.198438    28.752881     0.345588     0.129595    False  undefined
  97   35   156   300.161726   199.787645     2.401294     0.900485    False  undefined
  98   35   167   110.305045    73.419038     0.882440     0.330915    False  undefined
  99   35   169   159.729873   106.316204     1.277839     0.479190    False  undefined
 100   34   29    73.951472    49.222100     0.591612     0.221854    False  undefined
 101   34   31   133.058502    88.563739     1.064468     0.399176    False  undefined
 102   34   36    63.760576    42.439039     0.510085     0.191282    False  undefined
 103   34   38    73.797141    49.119377     0.590377     0.221391    False  undefined
 104   36   34    63.760576    42.439039     0.510085     0.191282    False  undefined
 105   37   31    74.931665    49.874516     0.599453     0.224795    False  undefined
 106   37   38   133.530085    88.877625     1.068241     0.400590    False  undefined
 107   37   40    75.074714    49.969729     0.600598     0.225224    False  undefined
 108   38   34    73.797141    49.119377     0.590377     0.221391    False  undefined
 109   38   37   133.530085    88.877625     1.068241     0.400590    False  undefined
 110   38   39    60.990825    40.595493     0.487927     0.182972    False  undefined
 111   38   41    73.425913    48.872288     0.587407     0.220278    False  undefined
 112   39   38    60.990825    40.595493     0.487927     0.182972    False  undefined
 113   40   41   133.758532    89.029679     1.070068     0.401276    False  undefined
 114   40   43    72.500158    48.256105     0.580001     0.217500    False  undefined
 115   40   32   130.509933    86.867412     1.044079     0.391530    False  undefined
 116   40   37    75.074714    49.969729     0.600598     0.225224    False  undefined
 117   41   38    73.425913    48.872288     0.587407     0.220278    False  undefined
 118   41   40   133.758532    89.029679     1.070068     0.401276    False  undefined
 119   41   42    71.475915    47.574369     0.571807     0.214428    False  undefined
 120   42   41    71.475915    47.574369     0.571807     0.214428    False  undefined
 121   42   44    65.486458    43.587787     0.523892     0.196459    False  undefined
 122   42   45    63.733996    42.421348     0.509872     0.191202    False  undefined
 123   43   40    72.500158    48.256105     0.580001     0.217500    False  undefined
 124   43   14    86.927995    57.859274     0.695424     0.260784    False  undefined
 125   43   281   137.850007    91.752965     1.102800     0.413550    False  undefined
 126   44   42    65.486458    43.587787     0.523892     0.196459    False  undefined
 127   45   42    63.733996    42.421348     0.509872     0.191202    False  undefined
 128   45   46    22.035043    14.666525     0.176280     0.066105    False  undefined
 129   45   252   660.728722   439.781037     5.285830     1.982186    False  undefined
 130   46   45    22.035043    14.666525     0.176280     0.066105    False  undefined
 131   46   280    50.248025    33.445085     0.401984     0.150744    False  undefined
 132   46   281    51.105605    34.015890     0.408845     0.153317    False  undefined
 133   47   13    51.555272    34.315189     0.412442     0.154666    False  undefined
 134   47   10   104.360427    69.462300     0.834883     0.313081    False  undefined
 135   47   33   288.434368   191.981915     2.307475     0.865303    False  undefined
 136    7    8   140.106655     0.000000     1.120853     0.420320    False   passagem
 137    7   249   131.546727     0.000000     1.052374     0.394640     True   passagem
 138    7   170   412.416898     0.000000     3.299335     1.237251    False   passagem
 139    8   255    18.504131     0.000000     0.148033     0.055512    False   passagem
 140    8    7   140.106655     0.000000     1.120853     0.420320    False   passagem
 141    8   168    13.799968     0.000000     0.110400     0.041400     True   passagem
 142   211   214   106.679550    71.005908     0.853436     0.320039    False  undefined
 143   211   186    83.801695    55.778408     0.670414     0.251405    False  undefined
 144   211   266   135.106000    89.926553     1.080848     0.405318    False  undefined
 145   212   213    75.228109    50.071829     0.601825     0.225684    False  undefined
 146   212   270    57.383502    38.194459     0.459068     0.172151    False  undefined
 147   212   216   131.500172    87.526514     1.052001     0.394501    False  undefined
 148   213   212    75.228109    50.071829     0.601825     0.225684    False  undefined
 149   213   215    73.903011    49.189844     0.591224     0.221709    False  undefined
 150   213   268     8.642775     5.752631     0.069142     0.025928    False  undefined
 151   214   211   106.679550    71.005908     0.853436     0.320039    False  undefined
 152   214   188    86.522540    57.589403     0.692180     0.259568    False  undefined
 153   214   266   151.195756   100.635895     1.209566     0.453587    False  undefined
 154    9   94   112.012465     0.000000     0.896100     0.336037    False   passagem
 155    9       5    83.645551     0.000000     0.669164     0.250937     True   passagem
 156    9       6  3544.902800     0.000000    28.359222    10.634708    False   passagem
 157   215   213    73.903011    49.189844     0.591224     0.221709    False  undefined
 158   216   191    20.105926    13.382504     0.160847     0.060318    False  undefined
 159   216   194   153.786609   102.360367     1.230293     0.461360    False  undefined
 160   216   212   131.500172    87.526514     1.052001     0.394501    False  undefined
 161   274   171   157.000815   104.499743     1.256007     0.471002    False  undefined
 162   275   72   114.002157    75.879836     0.912017     0.342006     True  undefined
 163   275   74    11.572781     0.000000     0.092582     0.034718    False   passagem
 164   276   277    53.978787    35.928281     0.431830     0.161936    False  undefined
 165   276   53   108.016488    71.895774     0.864132     0.324049    False  undefined
 166   276   221    44.345883    29.516619     0.354767     0.133038    False  undefined
 167   277   276    53.978787    35.928281     0.431830     0.161936    False  undefined
 168   278   32    54.096205    36.006434     0.432770     0.162289    False  undefined
 169   278   33    61.224963    40.751336     0.489800     0.183675    False  undefined
 170   278   279   205.283862   136.636938     1.642271     0.615852    False  undefined
 171   279   278   205.283862   136.636938     1.642271     0.615852    False  undefined
 172   217   248    39.650633    26.391461     0.317205     0.118952    False  undefined
 173   217   205    86.011449    57.249221     0.688092     0.258034    False  undefined
 174   217   206    93.577582    62.285238     0.748621     0.280733    False  undefined
 175   218   264    47.074479    31.332773     0.376596     0.141223     True  undefined
 176   11   20    77.063833    51.293687     0.616511     0.231192    False  undefined
 177   11   152    44.857670    29.857265     0.358861     0.134573    False  undefined
 178   11   160    71.301566    47.458322     0.570413     0.213905    False  undefined
 179   11   223    42.915541    28.564584     0.343324     0.128747    False  undefined
 180   219   99    19.381249     0.000000     0.155050     0.058144     True   passagem
 181   219   218    13.862452     0.000000     0.110900     0.041587     True   passagem
 182   220   94   138.606511     0.000000     1.108852     0.415820    False   passagem
 183   220   109    60.737757     0.000000     0.485902     0.182213    False   passagem
 184   220       3     0.284806     0.000000     0.002278     0.000854     True   passagem
 185   12   20    72.832927    48.477596     0.582663     0.218499    False  undefined
 186   12   135    45.321304    30.165860     0.362570     0.135964    False  undefined
 187   12   141   126.408800    84.137698     1.011270     0.379226    False  undefined
 188   13   47    51.555272    34.315189     0.412442     0.154666    False  undefined
 189   13   14    35.614076    23.704729     0.284913     0.106842    False  undefined
 190   13   252   115.569819    76.923272     0.924559     0.346709    False  undefined
 191   14   43    86.927995    57.859274     0.695424     0.260784    False  undefined
 192   14   13    35.614076    23.704729     0.284913     0.106842    False  undefined
 193   14   280   157.394586   104.761837     1.259157     0.472184    False  undefined
 194   262   263    11.552905     0.000000     0.092423     0.034659    False   passagem
 195   262   265    67.128615    44.680806     0.537029     0.201386     True  undefined
 196   263   262    11.552905     0.000000     0.092423     0.034659    False   passagem
 197   263   91    81.466052    54.223804     0.651728     0.244398     True  undefined
 198   264   263    66.486056    44.253119     0.531888     0.199458     True  undefined
 199   264   265    11.950180     0.000000     0.095601     0.035851    False   passagem
 200   265   264    11.950180     0.000000     0.095601     0.035851    False   passagem
 201   265   97    41.326910    27.507192     0.330615     0.123981     True  undefined
 202   266   267    55.640263    37.034159     0.445122     0.166921    False  undefined
 203   266   214   151.195756   100.635895     1.209566     0.453587    False  undefined
 204   266   211   135.106000    89.926553     1.080848     0.405318    False  undefined
 205   267   266    55.640263    37.034159     0.445122     0.166921    False  undefined
 206   268   213     8.642775     5.752631     0.069142     0.025928    False  undefined
 207   268   269   100.148017    66.658520     0.801184     0.300444    False  undefined
 208   268   185    62.017765    41.279025     0.496142     0.186053    False  undefined
 209   269   268   100.148017    66.658520     0.801184     0.300444    False  undefined
 210   270   212    57.383502    38.194459     0.459068     0.172151    False  undefined
 211   270   271    39.990924    26.617959     0.319927     0.119973    False  undefined
 212   270   183     5.689793     3.787126     0.045518     0.017069    False  undefined
 213   271   270    39.990924    26.617959     0.319927     0.119973    False  undefined
 214   272   273    16.953618     0.000000     0.135629     0.050861    False   passagem
 215   272   181    53.406897    35.547631     0.427255     0.160221     True  undefined
 216   273   272    16.953618     0.000000     0.135629     0.050861    False   passagem
 217   273   195   151.815826   101.048614     1.214527     0.455447     True  undefined
 218   280   46    50.248025    33.445085     0.401984     0.150744    False  undefined
 219   280   14   157.394586   104.761837     1.259157     0.472184    False  undefined
 220   280   281    21.737312    14.468355     0.173898     0.065212    False  undefined
 221   281   43   137.850007    91.752965     1.102800     0.413550    False  undefined
 222   281   46    51.105605    34.015890     0.408845     0.153317    False  undefined
 223   281   280    21.737312    14.468355     0.173898     0.065212    False  undefined
 224   251   252   157.706371   104.969360     1.261651     0.473119    False  undefined
 225   252   251   157.706371   104.969360     1.261651     0.473119    False  undefined
 226   252   13   115.569819    76.923272     0.924559     0.346709    False  undefined
 227   252   45   660.728722   439.781037     5.285830     1.982186    False  undefined
 228   231   243    41.089937    27.349462     0.328719     0.123270    False  undefined
 229   231   232    73.318125    48.800544     0.586545     0.219954    False  undefined
 230   231   135    44.060372    29.326583     0.352483     0.132181    False  undefined
 231   232   244    43.198438    28.752881     0.345588     0.129595    False  undefined
 232   232   231    73.318125    48.800544     0.586545     0.219954    False  undefined
 233   232   233    76.386455    50.842825     0.611092     0.229159    False  undefined
 234   232   146    41.283707    27.478435     0.330270     0.123851    False  undefined
 235   233   21    38.015921    25.303397     0.304127     0.114048    False  undefined
 236   233   232    76.386455    50.842825     0.611092     0.229159    False  undefined
 237   233   234    71.403690    47.526296     0.571230     0.214211    False  undefined
 238   233   152    42.252454    28.123233     0.338020     0.126757    False  undefined
 239   234   233    71.403690    47.526296     0.571230     0.214211    False  undefined
 240   234   158    15.484956    10.306786     0.123880     0.046455    False  undefined
 241   234   159    42.813038    28.496358     0.342504     0.128439    False  undefined
 242   235   236    60.426608    40.219950     0.483413     0.181280    False  undefined
 243   235   238    56.467991    37.585095     0.451744     0.169404    False  undefined
 244   235   158    48.750615    32.448410     0.390005     0.146252    False  undefined
 245   236   235    60.426608    40.219950     0.483413     0.181280    False  undefined
 246   236   237    29.110832    19.376170     0.232887     0.087332    False  undefined
 247   236   239    54.626494    36.359395     0.437012     0.163879    False  undefined
 248   237   25    26.780880    17.825354     0.214247     0.080343    False  undefined
 249   237   236    29.110832    19.376170     0.232887     0.087332    False  undefined
 250   237   160    44.926231    29.902899     0.359410     0.134779    False  undefined
 251   238   27    48.272403    32.130112     0.386179     0.144817    False  undefined
 252   238   235    56.467991    37.585095     0.451744     0.169404    False  undefined
 253   238   239    43.880611    29.206935     0.351045     0.131642    False  undefined
 254   239   236    54.626494    36.359395     0.437012     0.163879    False  undefined
 255   239   238    43.880611    29.206935     0.351045     0.131642    False  undefined
 256   239   240    29.581643    19.689542     0.236653     0.088745    False  undefined
 257   240   25    28.068797    18.682591     0.224550     0.084206    False  undefined
 258   240   28    44.457463    29.590887     0.355660     0.133372    False  undefined
 259   240   239    29.581643    19.689542     0.236653     0.088745    False  undefined
 260   248   217    39.650633    26.391461     0.317205     0.118952    False  undefined
 261   248   95    21.251546    14.145029     0.170012     0.063755     True  undefined
 262   15   10    18.470737    12.294122     0.147766     0.055412    False  undefined
 263   15   167   227.274869   151.274153     1.818199     0.681825     True  undefined
 264   15   170    76.555832    50.955562     0.612447     0.229667    False  undefined
 265   48   177   229.233234   152.577641     1.833866     0.687700    False  undefined
 266   48   54   136.902381    91.122225     1.095219     0.410707    False  undefined
 267   48   173   173.263791   115.324380     1.386110     0.519791    False  undefined
 268   49   50    26.239473    17.464993     0.209916     0.078718    False  undefined
 269   50   49    26.239473    17.464993     0.209916     0.078718    False  undefined
 270   50   60   116.488509    77.534752     0.931908     0.349466    False  undefined
 271   50   57   166.246482   110.653658     1.329972     0.498739    False  undefined
 272   51   179    41.921062    27.902659     0.335368     0.125763    False  undefined
 273   51   52    99.599822    66.293641     0.796799     0.298799    False  undefined
 274   51   58    74.640963    49.681025     0.597128     0.223923    False  undefined
 275   52   179    83.313293    55.453328     0.666506     0.249940    False  undefined
 276   52   51    99.599822    66.293641     0.796799     0.298799    False  undefined
 277   52   182    95.216735    63.376259     0.761734     0.285650    False  undefined
 278   53   56    55.688108    37.066005     0.445505     0.167064    False  undefined
 279   53   276   108.016488    71.895774     0.864132     0.324049    False  undefined
 280   53   61   159.777726   106.348054     1.278222     0.479333    False  undefined
 281   54   180   155.979088   103.819681     1.247833     0.467937    False  undefined
 282   54   68   142.083027    94.570463     1.136664     0.426249    False  undefined
 283   54   48   136.902381    91.122225     1.095219     0.410707    False  undefined
 284   55   246   159.135913   105.920863     1.273087     0.477408    False  undefined
 285   55   181   112.711430    75.020728     0.901691     0.338134    False  undefined
 286   55   176   165.347475   110.055280     1.322780     0.496042    False  undefined
 287   55   200   226.113637   150.501237     1.808909     0.678341    False  undefined
 288   56   53    55.688108    37.066005     0.445505     0.167064    False  undefined
 289   56   67    93.663126    62.342177     0.749305     0.280989    False  undefined
 290   56   59   100.889959    67.152357     0.807120     0.302670    False  undefined
 291   57   64    74.717261    49.731809     0.597738     0.224152    False  undefined
 292   57   50   166.246482   110.653658     1.329972     0.498739    False  undefined
 293   57   221   149.531702    99.528301     1.196254     0.448595    False  undefined
 294   58   179    58.820986    39.151248     0.470568     0.176463    False  undefined
 295   58   184   142.243631    94.677360     1.137949     0.426731    False  undefined
 296   58   51    74.640963    49.681025     0.597128     0.223923    False  undefined
 297   59   221   104.799171    69.754329     0.838393     0.314398    False  undefined
 298   59   222    73.193741    48.717754     0.585550     0.219581    False  undefined
 299   59   56   100.889959    67.152357     0.807120     0.302670    False  undefined
 300   59   64   105.760483    70.394177     0.846084     0.317281    False  undefined
 301   60   62    18.301621    12.181559     0.146413     0.054905    False  undefined
 302   60   50   116.488509    77.534752     0.931908     0.349466    False  undefined
 303   61   72    99.751257    66.394436     0.798010     0.299254    False  undefined
 304   61   53   159.777726   106.348054     1.278222     0.479333    False  undefined
 305   61   68   227.983745   151.745981     1.823870     0.683951    False  undefined
 306   62   60    18.301621    12.181559     0.146413     0.054905    False  undefined
 307   62   63    44.232882    29.441406     0.353863     0.132699     True  undefined
 308   62   75   126.773157    84.380213     1.014185     0.380319    False  undefined
 309   63       1    19.220850    12.793398     0.153767     0.057663     True  undefined
 310   63   105   464.381890   309.092586     3.715055     1.393146    False  undefined
 311   64   250    31.399096     0.000000     0.251193     0.094197    False   passagem
 312   64   57    74.717261    49.731809     0.597738     0.224152    False  undefined
 313   64   66    15.893110     0.000000     0.127145     0.047679    False   passagem
 314   64   59   105.760483    70.394177     0.846084     0.317281    False  undefined
 315   64       2   124.568040    82.912488     0.996544     0.373704     True  undefined
 316   65   179    85.966851    57.219536     0.687735     0.257901    False  undefined
 317   65   182   119.973936    79.854652     0.959791     0.359922    False  undefined
 318   65   189    85.037880    56.601213     0.680303     0.255114    False  undefined
 319   65   190   202.717316   134.928645     1.621739     0.608152    False  undefined
 320   66   250    18.268103    12.159250     0.146145     0.054804     True  undefined
 321   66   64    15.893110     0.000000     0.127145     0.047679    False   passagem
 322   66   98   390.393128   259.845666     3.123145     1.171179     True  undefined
 323   67   56    93.663126    62.342177     0.749305     0.280989    False  undefined
 324   67   222    63.673938    42.381373     0.509392     0.191022     True  undefined
 325   68   71    21.013353    13.986487     0.168107     0.063040    False  undefined
 326   68   54   142.083027    94.570463     1.136664     0.426249    False  undefined
 327   68   61   227.983745   151.745981     1.823870     0.683951    False  undefined
 328   69   67    22.651602    15.076906     0.181213     0.067955     True  undefined
 329   69   70    10.903945     0.000000     0.087232     0.032712    False   passagem
 330   70   69    10.903945     0.000000     0.087232     0.032712    False   passagem
 331   70   73   115.105443    76.614183     0.920844     0.345316     True  undefined
 332   70   85   153.727934   102.321313     1.229823     0.461184    False  undefined
 333   71   68    21.013353    13.986487     0.168107     0.063040    False  undefined
 334   71   76    49.525095    32.963903     0.396201     0.148575    False  undefined
 335   71   79    97.204889    64.699574     0.777639     0.291615    False  undefined
 336   72   61    99.751257    66.394436     0.798010     0.299254    False  undefined
 337   72   69   115.263774    76.719568     0.922110     0.345791     True  undefined
 338   72   73    11.220870     7.468611     0.089767     0.033663    False  undefined
 339   73   72    11.220870     7.468611     0.089767     0.033663    False  undefined
 340   73   74   114.495870    76.208451     0.915967     0.343488     True  undefined
 341   73   101   249.431191   166.021400     1.995450     0.748294    False  undefined
 342   74   275    11.572781     0.000000     0.092582     0.034718    False   passagem
 343   74   78   112.473889    74.862621     0.899791     0.337422     True  undefined
 344   74   104   240.525320   160.093653     1.924203     0.721576    False  undefined
 345   75   106   322.748394   214.821331     2.581987     0.968245    False  undefined
 346   75   62   126.773157    84.380213     1.014185     0.380319    False  undefined
 347   75   80   134.570451    89.570092     1.076564     0.403711    False  undefined
 348   76   275   113.549047    75.578246     0.908392     0.340647     True  undefined
 349   76   71    49.525095    32.963903     0.396201     0.148575    False  undefined
 350   76   78    10.107837     0.000000     0.080863     0.030324    False   passagem
 351   77   185    77.752640    51.752158     0.622021     0.233258    False  undefined
 352   77   192    28.000803    18.637334     0.224006     0.084002    False  undefined
 353   77   194    16.350406    10.882830     0.130803     0.049051    False  undefined
 354   78   16   235.037660   156.441067     1.880301     0.705113    False  undefined
 355   78   76    10.107837     0.000000     0.080863     0.030324    False   passagem
 356   78   197   117.767624    78.386130     0.942141     0.353303     True  undefined
 357   79   71    97.204889    64.699574     0.777639     0.291615    False  undefined
 358   79   76    80.045602    53.278353     0.640365     0.240137     True  undefined
 359   80   93   151.313975     0.000000     1.210512     0.453942    False   passagem
 360   80   93   215.825099   143.653186     1.726601     0.647475    False  undefined
 361   80   115   347.952320   231.597064     2.783619     1.043857    False  undefined
 362   80   75   134.570451    89.570092     1.076564     0.403711    False  undefined
 363   81   83    11.899163     0.000000     0.095193     0.035697    False   passagem
 364   81   246    47.483947    31.605315     0.379872     0.142452    False  undefined
 365   81   247    78.213084    52.058629     0.625705     0.234639     True  undefined
 366   82   91   102.716233    68.367925     0.821730     0.308149    False  undefined
 367   82   189    82.110533    54.652771     0.656884     0.246332    False  undefined
 368   82   192    94.716781    63.043490     0.757734     0.284150    False  undefined
 369   82   206   202.366247   134.694974     1.618930     0.607099    False  undefined
 370   83   81    11.899163     0.000000     0.095193     0.035697    False   passagem
 371   83   203   115.168183    76.655943     0.921345     0.345505     True  undefined
 372   83   207    86.576482    57.625306     0.692612     0.259729    False  undefined
 373   84   86    11.358976     0.000000     0.090872     0.034077    False   passagem
 374   84   202   116.261839    77.383880     0.930095     0.348786     True  undefined
 375   85   250   253.971569   169.043476     2.031773     0.761915     True  undefined
 376   85   70   153.727934   102.321313     1.229823     0.461184    False  undefined
 377   86   242    33.618405    22.376410     0.268947     0.100855    False  undefined
 378   86   84    11.358976     0.000000     0.090872     0.034077    False   passagem
 379   86   88   113.370238    75.459230     0.906962     0.340111     True  undefined
 380   87   88    11.655040     0.000000     0.093240     0.034965    False   passagem
 381   87   204    92.025934    61.252462     0.736207     0.276078     True  undefined
 382   88   87    11.655040     0.000000     0.093240     0.034965    False   passagem
 383   88   90   112.527044    74.898001     0.900216     0.337581     True  undefined
 384   88   126   240.509568   160.083169     1.924077     0.721529    False  undefined
 385   89   87   110.971480    73.862617     0.887772     0.332914     True  undefined
 386   89   90    11.483656     0.000000     0.091869     0.034451    False   passagem
 387   89   194   115.408534    76.815920     0.923268     0.346226    False  undefined
 388   90   89    11.483656     0.000000     0.091869     0.034451    False   passagem
 389   90   92   116.290867    77.403201     0.930327     0.348873     True  undefined
 390   90   121   179.769434   119.654536     1.438155     0.539308    False  undefined
 391   91   82   102.716233    68.367925     0.821730     0.308149    False  undefined
 392   91   89   115.911420    77.150641     0.927291     0.347734     True  undefined
 393   91   92    11.395416     0.000000     0.091163     0.034186    False   passagem
 394   92   262    80.486492    53.571809     0.643892     0.241459     True  undefined
 395   92   91    11.395416     0.000000     0.091163     0.034186    False   passagem
 396   92   113   119.215318    79.349715     0.953723     0.357646    False  undefined
 397   93   80   151.313975     0.000000     1.210512     0.453942    False   passagem
 398   93   80   215.825099   143.653186     1.726601     0.647475    False  undefined
 399   93   115   239.752315   159.579141     1.918019     0.719257    False  undefined
 400   94    9   112.012465     0.000000     0.896100     0.336037    False   passagem
 401   94   220   138.606511     0.000000     1.108852     0.415820    False   passagem
 402   95   218    44.241337    29.447034     0.353931     0.132724     True  undefined
 403   95   99    30.926742     0.000000     0.247414     0.092780     True   passagem
 404   96   85   125.397380    83.464496     1.003179     0.376192     True  undefined
 405   96   98    13.569126     0.000000     0.108553     0.040707    False   passagem
 406   97   219     4.361867     0.000000     0.034895     0.013086     True   passagem
 407   97   100    15.351057    10.217664     0.122808     0.046053     True  undefined
 408   98   96    13.569126     0.000000     0.108553     0.040707    False   passagem
 409   98   105   112.085622    74.604190     0.896685     0.336257    False  undefined
 410   98   117   121.937864    81.161843     0.975503     0.365814     True  undefined
 411   99   100    23.071068     0.000000     0.184569     0.069213     True   passagem
 412   99   102    40.031548     0.000000     0.320252     0.120095     True   passagem
 413   99   103    22.549300     0.000000     0.180394     0.067648     True   passagem
 414   100   113   214.499629   142.770953     1.715997     0.643499     True  undefined
 415   101   73   249.431191   166.021400     1.995450     0.748294    False  undefined
 416   101   96    29.623810    19.717608     0.236990     0.088871     True  undefined
 417   102   107    36.923903     0.000000     0.295391     0.110772     True   passagem
 418   103   107    26.295118     0.000000     0.210361     0.078885     True   passagem
 419   104   16   116.512272    77.550568     0.932098     0.349537    False  undefined
 420   104   74   240.525320   160.093653     1.924203     0.721576    False  undefined
 421   104   124   100.727590    67.044284     0.805821     0.302183    False  undefined
 422   105   98   112.085622    74.604190     0.896685     0.336257    False  undefined
 423   105   108    46.911650    31.224394     0.375293     0.140735    False  undefined
 424   105   63   464.381890   309.092586     3.715055     1.393146    False  undefined
 425   10   47   104.360427    69.462300     0.834883     0.313081    False  undefined
 426   10   15    18.470737    12.294122     0.147766     0.055412    False  undefined
 427   106   111    39.066709    26.002801     0.312534     0.117200    False  undefined
 428   106   75   322.748394   214.821331     2.581987     0.968245    False  undefined
 429   106   108   123.373269    82.117248     0.986986     0.370120    False  undefined
 430   107   260     5.043207     3.356759     0.040346     0.015130    False  undefined
 431   107   109    14.250121     0.000000     0.114001     0.042750     True   passagem
 432   108   105    46.911650    31.224394     0.375293     0.140735    False  undefined
 433   108   118    47.867608    31.860680     0.382941     0.143603    False  undefined
 434   108   106   123.373269    82.117248     0.986986     0.370120    False  undefined
 435   109   220    60.737757     0.000000     0.485902     0.182213    False   passagem
 436   109   245    14.489813     0.000000     0.115919     0.043469     True   passagem
 437   109   261    58.713289     0.000000     0.469706     0.176140    False   passagem
 438   110   112   113.884261    75.801364     0.911074     0.341653    False  undefined
 439   110   140   209.944422   139.739008     1.679555     0.629833    False  undefined
 440   110   207   124.581623    82.921528     0.996653     0.373745    False  undefined
 441   110   210   110.215539    73.359463     0.881724     0.330647    False  undefined
 442   111   106    39.066709    26.002801     0.312534     0.117200    False  undefined
 443   111   122    58.759127    39.110075     0.470073     0.176277    False  undefined
 444   111   115   105.561527    70.261752     0.844492     0.316685    False  undefined
 445   112   110   113.884261    75.801364     0.911074     0.341653    False  undefined
 446   112   136   160.616583   106.906398     1.284933     0.481850    False  undefined
 447   112   208   123.267069    82.046561     0.986137     0.369801    False  undefined
 448   113   92   119.215318    79.349715     0.953723     0.357646    False  undefined
 449   113   116    34.570318    23.010003     0.276563     0.103711     True  undefined
 450   114   101    89.222236    59.386321     0.713778     0.267667     True  undefined
 451   114   117    12.739401     0.000000     0.101915     0.038218    False   passagem
 452   115   80   347.952320   231.597064     2.783619     1.043857    False  undefined
 453   115   93   239.752315   159.579141     1.918019     0.719257    False  undefined
 454   115   111   105.561527    70.261752     0.844492     0.316685    False  undefined
 455   116   120    13.804865     0.000000     0.110439     0.041415    False   passagem
 456   116   121    88.346946    58.803727     0.706776     0.265041     True  undefined
 457   117   17    63.080505    41.986384     0.504644     0.189242     True  undefined
 458   117   114    12.739401     0.000000     0.101915     0.038218    False   passagem
 459   117   128   262.679324   174.839358     2.101435     0.788038    False  undefined
 460   118   108    47.867608    31.860680     0.382941     0.143603    False  undefined
 461   118   122   108.199949    72.017886     0.865600     0.324600    False  undefined
 462   118   128    78.585897    52.306773     0.628687     0.235758    False  undefined
 463   119   132   109.103448    72.619255     0.872828     0.327310    False  undefined
 464   119   103   236.649035   157.513598     1.893192     0.709947     True  undefined
 465   120   116    13.804865     0.000000     0.110439     0.041415    False   passagem
 466   120   119    22.699695    15.108917     0.181598     0.068099     True  undefined
 467   121   90   179.769434   119.654536     1.438155     0.539308    False  undefined
 468   121   123    15.257751    10.155559     0.122062     0.045773     True  undefined
 469   122   111    58.759127    39.110075     0.470073     0.176277    False  undefined
 470   122   118   108.199949    72.017886     0.865600     0.324600    False  undefined
 471   122   130    74.756032    49.757615     0.598048     0.224268    False  undefined
 472   123   125    12.327723     0.000000     0.098622     0.036983    False   passagem
 473   123   126   111.967317    74.525446     0.895739     0.335902     True  undefined
 474   124   17    14.066151     9.362430     0.112529     0.042198    False  undefined
 475   124   114    59.942987    39.898052     0.479544     0.179829     True  undefined
 476   124   104   100.727590    67.044284     0.805821     0.302183    False  undefined
 477   125   120   104.085824    69.279524     0.832687     0.312257     True  undefined
 478   125   123    12.327723     0.000000     0.098622     0.036983    False   passagem
 479   125   137   110.832390    73.770039     0.886659     0.332497    False  undefined
 480   126   127    22.393898    14.905379     0.179151     0.067182     True  undefined
 481   126   88   240.509568   160.083169     1.924077     0.721529    False  undefined
 482   127   129    13.852443     0.000000     0.110820     0.041557    False   passagem
 483   127   131   104.004008    69.225068     0.832032     0.312012     True  undefined
 484   128   117   262.679324   174.839358     2.101435     0.788038    False  undefined
 485   128   118    78.585897    52.306773     0.628687     0.235758    False  undefined
 486   128   130    74.880770    49.840640     0.599046     0.224642    False  undefined
 487   129   125   134.100120    89.257040     1.072801     0.402300     True  undefined
 488   129   127    13.852443     0.000000     0.110820     0.041557    False   passagem
 489   130   122    74.756032    49.757615     0.598048     0.224268    False  undefined
 490   130   128    74.880770    49.840640     0.599046     0.224642    False  undefined
 491   130   141    84.843706    56.471971     0.678750     0.254531    False  undefined
 492   131   242   268.005079   178.384180     2.144041     0.804015    False  undefined
 493   131   136   124.175436    82.651170     0.993403     0.372526     True  undefined
 494   132   119   109.103448    72.619255     0.872828     0.327310    False  undefined
 495   132   134    17.824112    11.863729     0.142593     0.053472    False  undefined
 496   132   137   124.184327    82.657088     0.993475     0.372553    False  undefined
 497   133   129    76.338182    50.810694     0.610705     0.229015     True  undefined
 498   133   150   113.155747    75.316465     0.905246     0.339467    False  undefined
 499   134   132    17.824112    11.863729     0.142593     0.053472    False  undefined
 500   134   260   262.440801   174.680597     2.099526     0.787322    False  undefined
 501   134   143   130.909194    87.133160     1.047274     0.392728    False  undefined
 502   135   12    45.321304    30.165860     0.362570     0.135964    False  undefined
 503   135   231    44.060372    29.326583     0.352483     0.132181    False  undefined
 504   135   146    73.249254    48.754703     0.585994     0.219748    False  undefined
 505   136   112   160.616583   106.906398     1.284933     0.481850    False  undefined
 506   136   140   127.012397    84.539451     1.016099     0.381037     True  undefined
 507   137   125   110.832390    73.770039     0.886659     0.332497    False  undefined
 508   137   132   124.184327    82.657088     0.993475     0.372553    False  undefined
 509   137   143    58.358193    38.843213     0.466866     0.175075    False  undefined
 510   137   150   229.301478   152.623064     1.834412     0.687904    False  undefined
 511   138   124   156.463356   104.142010     1.251707     0.469390     True  undefined
 512   138   139    14.992586     9.979065     0.119941     0.044978    False  undefined
 513   138   16   203.929925   135.735758     1.631439     0.611790    False  undefined
 514   139   138    14.992586     9.979065     0.119941     0.044978    False  undefined
 515   139   154   143.991108    95.840482     1.151929     0.431973    False  undefined
 516   139   151    79.233374    52.737734     0.633867     0.237700     True  undefined
 517   140   110   209.944422   139.739008     1.679555     0.629833    False  undefined
 518   140   142    16.680293    11.102403     0.133442     0.050041    False  undefined
 519   140   147    80.046953    53.279252     0.640376     0.240141     True  undefined
 520   141   12   126.408800    84.137698     1.011270     0.379226    False  undefined
 521   141   130    84.843706    56.471971     0.678750     0.254531    False  undefined
 522   141   22    97.574692    64.945715     0.780598     0.292724    False  undefined
 523   142   133   286.027113   190.379646     2.288217     0.858081     True  undefined
 524   142   140    16.680293    11.102403     0.133442     0.050041    False  undefined
 525   142   156   121.670303    80.983754     0.973362     0.365011    False  undefined
 526   143   137    58.358193    38.843213     0.466866     0.175075    False  undefined
 527   143   161   264.746802   176.215472     2.117974     0.794240    False  undefined
 528   143   134   130.909194    87.133160     1.047274     0.392728    False  undefined
 529   144   145    15.897646    10.581473     0.127181     0.047693    False  undefined
 530   144   147    35.826398    23.846051     0.286611     0.107479    False  undefined
 531   144   210   242.497040   161.406030     1.939976     0.727491     True  undefined
 532   145   144    15.897646    10.581473     0.127181     0.047693    False  undefined
 533   145   149    51.589437    34.337929     0.412715     0.154768    False  undefined
 534   146   20    45.520921    30.298725     0.364167     0.136563    False  undefined
 535   146   232    41.283707    27.478435     0.330270     0.123851    False  undefined
 536   146   135    73.249254    48.754703     0.585994     0.219748    False  undefined
 537   146   152    76.728094    51.070220     0.613825     0.230184    False  undefined
 538   147   144    35.826398    23.846051     0.286611     0.107479    False  undefined
 539   147   148    17.430414    11.601684     0.139443     0.052291    False  undefined
 540   148   142    62.341143    41.494264     0.498729     0.187023     True  undefined
 541   148   147    17.430414    11.601684     0.139443     0.052291    False  undefined
 542   148   155    97.789459    65.088664     0.782316     0.293368    False  undefined
 543   149   145    51.589437    34.337929     0.412715     0.154768    False  undefined
 544   149   151    16.368586    10.894931     0.130949     0.049106    False  undefined
 545   149   138    90.168669    60.016266     0.721349     0.270506     True  undefined
 546   150   133   113.155747    75.316465     0.905246     0.339467    False  undefined
 547   150   137   229.301478   152.623064     1.834412     0.687904    False  undefined
 548   150   157   312.504111   208.002737     2.500033     0.937512    False  undefined
 549   150   161   140.813858    93.725704     1.126511     0.422442    False  undefined
 550   151   149    16.368586    10.894931     0.130949     0.049106    False  undefined
 551   151   153    76.105065    50.655531     0.608841     0.228315    False  undefined
 552   152   11    44.857670    29.857265     0.358861     0.134573    False  undefined
 553   152   233    42.252454    28.123233     0.338020     0.126757    False  undefined
 554   152   146    76.728094    51.070220     0.613825     0.230184    False  undefined
 555   152   159    71.070062    47.304233     0.568560     0.213210    False  undefined
 556   153   151    76.105065    50.655531     0.608841     0.228315    False  undefined
 557   153   154    42.388963    28.214094     0.339112     0.127167    False  undefined
 558   153   155   154.893580   103.097167     1.239149     0.464681    False  undefined
 559   153   163   121.119540    80.617166     0.968956     0.363359    False  undefined
 560   154   139   143.991108    95.840482     1.151929     0.431973    False  undefined
 561   154   153    42.388963    28.214094     0.339112     0.127167    False  undefined
 562   154   158   151.904939   101.107927     1.215240     0.455715    False  undefined
 563   154   33   285.109509   189.768889     2.280876     0.855329    False  undefined
 564   155   153   154.893580   103.097167     1.239149     0.464681    False  undefined
 565   155   156    37.511871    24.967902     0.300095     0.112536    False  undefined
 566   155   148    97.789459    65.088664     0.782316     0.293368    False  undefined
 567   155   164   125.341218    83.427115     1.002730     0.376024    False  undefined
 568   156   35   300.161726   199.787645     2.401294     0.900485    False  undefined
 569   156   142   121.670303    80.983754     0.973362     0.365011    False  undefined
 570   156   155    37.511871    24.967902     0.300095     0.112536    False  undefined
 571   156   157     8.585229     5.714328     0.068682     0.025756    False  undefined
 572   157   150   312.504111   208.002737     2.500033     0.937512    False  undefined
 573   157   156     8.585229     5.714328     0.068682     0.025756    False  undefined
 574   157   165   246.912699   164.345092     1.975302     0.740738    False  undefined
 575   158   21    74.735232    49.743770     0.597882     0.224206    False  undefined
 576   158   234    15.484956    10.306786     0.123880     0.046455    False  undefined
 577   158   235    48.750615    32.448410     0.390005     0.146252    False  undefined
 578   158   154   151.904939   101.107927     1.215240     0.455715    False  undefined
 579   159   234    42.813038    28.496358     0.342504     0.128439    False  undefined
 580   159   152    71.070062    47.304233     0.568560     0.213210    False  undefined
 581   159   160    45.444432    30.247814     0.363555     0.136333    False  undefined
 582   160   11    71.301566    47.458322     0.570413     0.213905    False  undefined
 583   160   237    44.926231    29.902899     0.359410     0.134779    False  undefined
 584   160   159    45.444432    30.247814     0.363555     0.136333    False  undefined
 585   160   225    42.734550    28.444116     0.341876     0.128204    False  undefined
 586   161   143   264.746802   176.215472     2.117974     0.794240    False  undefined
 587   161   150   140.813858    93.725704     1.126511     0.422442    False  undefined
 588   161   258    59.108057    39.342322     0.472864     0.177324    False  undefined
 589   162   23    72.238940    48.082238     0.577912     0.216717    False  undefined
 590   162   26    73.310318    48.795348     0.586483     0.219931    False  undefined
 591   162   226    44.221369    29.433743     0.353771     0.132664    False  undefined
 592   163   164    13.747293     9.150198     0.109978     0.041242    False  undefined
 593   163   153   121.119540    80.617166     0.968956     0.363359    False  undefined
 594   163   166   200.264124   133.295801     1.602113     0.600792     True  undefined
 595   164   163    13.747293     9.150198     0.109978     0.041242    False  undefined
 596   164   155   125.341218    83.427115     1.002730     0.376024    False  undefined
 597   165   258    94.838834    63.124728     0.758711     0.284517    False  undefined
 598   165   157   246.912699   164.345092     1.975302     0.740738    False  undefined
 599   165   254   163.723645   108.974458     1.309789     0.491171    False  undefined
 600   166   33   113.191345    75.340159     0.905531     0.339574    False  undefined
 601   166   10   231.407642   154.024927     1.851261     0.694223     True  undefined
 602   166   167    14.078000     0.000000     0.112624     0.042234    False   passagem
 603   221   59   104.799171    69.754329     0.838393     0.314398    False  undefined
 604   221   276    44.345883    29.516619     0.354767     0.133038    False  undefined
 605   221   57   149.531702    99.528301     1.196254     0.448595    False  undefined
 606   167   35   110.305045    73.419038     0.882440     0.330915    False  undefined
 607   167   164   199.408977   132.726615     1.595272     0.598227     True  undefined
 608   167   166    14.078000     0.000000     0.112624     0.042234    False   passagem
 609   222   59    73.193741    48.717754     0.585550     0.219581    False  undefined
 610   222   64   126.666993    84.309551     1.013336     0.380001     True  undefined
 611   168   254    24.114721    16.050758     0.192918     0.072344    False  undefined
 612   168   169   221.903079   147.698689     1.775225     0.665709    False  undefined
 613   169   35   159.729873   106.316204     1.277839     0.479190    False  undefined
 614   169   168   221.903079   147.698689     1.775225     0.665709    False  undefined
 615   169   170    81.839849    54.472603     0.654719     0.245520    False  undefined
 616   170   169    81.839849    54.472603     0.654719     0.245520    False  undefined
 617   170   15    76.555832    50.955562     0.612447     0.229667    False  undefined
 618   170    7   412.416898     0.000000     3.299335     1.237251    False   passagem
 619   223   11    42.915541    28.564584     0.343324     0.128747    False  undefined
 620   223   224    41.507525    27.627409     0.332060     0.124523    False  undefined
 621   223   225    71.598563    47.656004     0.572789     0.214796    False  undefined
 622   224   23    45.165526    30.062174     0.361324     0.135497    False  undefined
 623   224   223    41.507525    27.627409     0.332060     0.124523    False  undefined
 624   224   226    71.973894    47.905824     0.575791     0.215922    False  undefined
 625   225   160    42.734550    28.444116     0.341876     0.128204    False  undefined
 626   225   223    71.598563    47.656004     0.572789     0.214796    False  undefined
 627   225   226    44.849532    29.851848     0.358796     0.134549    False  undefined
 628   225   227    72.271745    48.104073     0.578174     0.216815    False  undefined
 629   226   162    44.221369    29.433743     0.353771     0.132664    False  undefined
 630   226   224    71.973894    47.905824     0.575791     0.215922    False  undefined
 631   226   225    44.849532    29.851848     0.358796     0.134549    False  undefined
 632   226   228    72.759323    48.428605     0.582075     0.218278    False  undefined
 633   227   25    44.141301    29.380450     0.353130     0.132424    False  undefined
 634   227   225    72.271745    48.104073     0.578174     0.216815    False  undefined
 635   227   228    42.687493    28.412795     0.341500     0.128062    False  undefined
 636   227   229    71.795230    47.786905     0.574362     0.215386    False  undefined
 637   228   26    44.865003    29.862146     0.358920     0.134595    False  undefined
 638   228   226    72.759323    48.428605     0.582075     0.218278    False  undefined
 639   228   227    42.687493    28.412795     0.341500     0.128062    False  undefined
 640   228   230    71.139016    47.350129     0.569112     0.213417    False  undefined
 641   229   28    43.005541    28.624488     0.344044     0.129017    False  undefined
 642   229   227    71.795230    47.786905     0.574362     0.215386    False  undefined
 643   229   230    44.643583    29.714769     0.357149     0.133931    False  undefined
 644   230   29    44.005619    29.290140     0.352045     0.132017    False  undefined
 645   230   228    71.139016    47.350129     0.569112     0.213417    False  undefined
 646   230   229    44.643583    29.714769     0.357149     0.133931    False  undefined
 647   246   55   159.135913   105.920863     1.273087     0.477408    False  undefined
 648   246   81    47.483947    31.605315     0.379872     0.142452    False  undefined
 649   246   247    88.394829    58.835598     0.707159     0.265184    False  undefined
 650   247   246    88.394829    58.835598     0.707159     0.265184    False  undefined
 651   247   196    29.972245    19.949526     0.239778     0.089917     True  undefined
 652   171   274   157.000815   104.499743     1.256007     0.471002    False  undefined
 653   171   172   181.588281   120.865160     1.452706     0.544765    False  undefined
 654   171   173   119.832615    79.760588     0.958661     0.359498    False  undefined
 655   172   171   181.588281   120.865160     1.452706     0.544765    False  undefined
 656   172   174    38.508379    25.631177     0.308067     0.115525    False  undefined
 657   172   176   256.560456   170.766640     2.052484     0.769681    False  undefined
 658   173   174   204.257526   135.953809     1.634060     0.612773    False  undefined
 659   173   171   119.832615    79.760588     0.958661     0.359498    False  undefined
 660   173   48   173.263791   115.324380     1.386110     0.519791    False  undefined
 661   174   173   204.257526   135.953809     1.634060     0.612773    False  undefined
 662   174   172    38.508379    25.631177     0.308067     0.115525    False  undefined
 663   174   175   168.280210   112.007308     1.346242     0.504841    False  undefined
 664   175   177    13.015160     8.662890     0.104121     0.039045     True  undefined
 665   175   174   168.280210   112.007308     1.346242     0.504841    False  undefined
 666   176   178     8.104617     5.394433     0.064837     0.024314    False  undefined
 667   176   172   256.560456   170.766640     2.052484     0.769681    False  undefined
 668   176   55   165.347475   110.055280     1.322780     0.496042    False  undefined
 669   177   48   229.233234   152.577641     1.833866     0.687700    False  undefined
 670   177   180   111.496603    74.212139     0.891973     0.334490     True  undefined
 671   177   178    14.840832     9.878058     0.118727     0.044522    False  undefined
 672   178   176     8.104617     5.394433     0.064837     0.024314    False  undefined
 673   178   177    14.840832     9.878058     0.118727     0.044522    False  undefined
 674   179   51    41.921062    27.902659     0.335368     0.125763    False  undefined
 675   179   52    83.313293    55.453328     0.666506     0.249940    False  undefined
 676   179   58    58.820986    39.151248     0.470568     0.176463    False  undefined
 677   179   65    85.966851    57.219536     0.687735     0.257901    False  undefined
 678   180   273    53.352530    35.511444     0.426820     0.160058     True  undefined
 679   180   54   155.979088   103.819681     1.247833     0.467937    False  undefined
 680   180   181    16.404887    10.919093     0.131239     0.049215    False  undefined
 681   181   55   112.711430    75.020728     0.901691     0.338134    False  undefined
 682   181   178   112.908446    75.151862     0.903268     0.338725     True  undefined
 683   181   180    16.404887    10.919093     0.131239     0.049215    False  undefined
 684   182   65   119.973936    79.854652     0.959791     0.359922    False  undefined
 685   182   185    87.810246    58.446499     0.702482     0.263431    False  undefined
 686   182   52    95.216735    63.376259     0.761734     0.285650    False  undefined
 687   183   270     5.689793     3.787126     0.045518     0.017069    False  undefined
 688   184   58   142.243631    94.677360     1.137949     0.426731    False  undefined
 689   184   186    85.265707    56.752855     0.682126     0.255797    False  undefined
 690   184   190    85.016786    56.587173     0.680134     0.255050    False  undefined
 691   185   268    62.017765    41.279025     0.496142     0.186053    False  undefined
 692   185   77    77.752640    51.752158     0.622021     0.233258    False  undefined
 693   185   182    87.810246    58.446499     0.702482     0.263431    False  undefined
 694   185   189   120.960631    80.511396     0.967685     0.362882    False  undefined
 695   186   211    83.801695    55.778408     0.670414     0.251405    False  undefined
 696   186   184    85.265707    56.752855     0.682126     0.255797    False  undefined
 697   186   188    86.961529    57.881594     0.695692     0.260885    False  undefined
 698   186   193    84.954747    56.545880     0.679638     0.254864    False  undefined
 699   187   191    29.632936    19.723682     0.237063     0.088899    False  undefined
 700   188   214    86.522540    57.589403     0.692180     0.259568    False  undefined
 701   188   186    86.961529    57.881594     0.695692     0.260885    False  undefined
 702   188   199    88.401405    58.839975     0.707211     0.265204    False  undefined
 703   189   65    85.037880    56.601213     0.680303     0.255114    False  undefined
 704   189   82    82.110533    54.652771     0.656884     0.246332    False  undefined
 705   189   185   120.960631    80.511396     0.967685     0.362882    False  undefined
 706   189   201   203.338931   135.342392     1.626711     0.610017    False  undefined
 707   190   65   202.717316   134.928645     1.621739     0.608152    False  undefined
 708   190   184    85.016786    56.587173     0.680134     0.255050    False  undefined
 709   190   193    85.463299    56.884372     0.683706     0.256390    False  undefined
 710   190   201    85.688944    57.034561     0.685512     0.257067    False  undefined
 711   191   216    20.105926    13.382504     0.160847     0.060318    False  undefined
 712   191   187    29.632936    19.723682     0.237063     0.088899    False  undefined
 713   191   204   116.577541    77.594011     0.932620     0.349733    False  undefined
 714   192   77    28.000803    18.637334     0.224006     0.084002    False  undefined
 715   192   82    94.716781    63.043490     0.757734     0.284150    False  undefined
 716   192   194    33.636779    22.388640     0.269094     0.100910    False  undefined
 717   193   186    84.954747    56.545880     0.679638     0.254864    False  undefined
 718   193   190    85.463299    56.884372     0.683706     0.256390    False  undefined
 719   193   199    62.231171    41.421068     0.497849     0.186694    False  undefined
 720   194   216   153.786609   102.360367     1.230293     0.461360    False  undefined
 721   194   77    16.350406    10.882830     0.130803     0.049051    False  undefined
 722   194   89   115.408534    76.815920     0.923268     0.346226    False  undefined
 723   194   192    33.636779    22.388640     0.269094     0.100910    False  undefined
 724   195   79    37.253660    24.796036     0.298029     0.111761     True  undefined
 725   195   197    10.404854     6.925471     0.083239     0.031215     True  undefined
 726   196   272   151.924991   101.121274     1.215400     0.455775     True  undefined
 727   196   195    17.699540    11.780814     0.141596     0.053099     True  undefined
 728   197   198    18.126702    12.065133     0.145014     0.054380     True  undefined
 729   197   209   223.483593   148.750679     1.787869     0.670451     True  undefined
 730   198   83   107.687291    71.676661     0.861498     0.323062     True  undefined
 731   198   196    10.516001     6.999450     0.084128     0.031548     True  undefined
 732   199   188    88.401405    58.839975     0.707211     0.265204    False  undefined
 733   199   193    62.231171    41.421068     0.497849     0.186694    False  undefined
 734   199       5    48.204956    32.085218     0.385640     0.144615    False  undefined
 735   200   81    76.813267    51.126910     0.614506     0.230440     True  undefined
 736   200   55   226.113637   150.501237     1.808909     0.678341    False  undefined
 737   201   189   203.338931   135.342392     1.626711     0.610017    False  undefined
 738   201   190    85.688944    57.034561     0.685512     0.257067    False  undefined
 739   201   205   119.764500    79.715251     0.958116     0.359293    False  undefined
 740   201   206    81.919322    54.525501     0.655355     0.245758    False  undefined
 741   202   200    38.180335    25.412831     0.305443     0.114541     True  undefined
 742   202   203    11.801433     0.000000     0.094411     0.035404    False   passagem
 743   203   241    32.418747    21.577918     0.259350     0.097256    False  undefined
 744   203   86   115.712389    77.018166     0.925699     0.347137     True  undefined
 745   203   202    11.801433     0.000000     0.094411     0.035404    False   passagem
 746   204   84    22.351196    14.876956     0.178810     0.067054     True  undefined
 747   204   191   116.577541    77.594011     0.932620     0.349733    False  undefined
 748   205   217    86.011449    57.249221     0.688092     0.258034    False  undefined
 749   205   201   119.764500    79.715251     0.958116     0.359293    False  undefined
 750   205       5    41.547676    27.654133     0.332381     0.124643    False  undefined
 751   206   82   202.366247   134.694974     1.618930     0.607099    False  undefined
 752   206   201    81.919322    54.525501     0.655355     0.245758    False  undefined
 753   206   217    93.577582    62.285238     0.748621     0.280733    False  undefined
 754   207   83    86.576482    57.625306     0.692612     0.259729    False  undefined
 755   207   110   124.581623    82.921528     0.996653     0.373745    False  undefined
 756   207   208   113.351554    75.446794     0.906812     0.340055    False  undefined
 757   208   241    46.716047    31.094201     0.373728     0.140148    False  undefined
 758   208   112   123.267069    82.046561     0.986137     0.369801    False  undefined
 759   208   207   113.351554    75.446794     0.906812     0.340055    False  undefined
 760   209   16   111.544608    74.244091     0.892357     0.334634    False  undefined
 761   209   145   244.084368   162.462556     1.952675     0.732253     True  undefined
 762   209   210    14.127847     9.403495     0.113023     0.042384    False  undefined
 763   210   110   110.215539    73.359463     0.881724     0.330647    False  undefined
 764   210   198   221.796925   147.628033     1.774375     0.665391     True  undefined
 765   210   209    14.127847     9.403495     0.113023     0.042384    False  undefined
 766       1   66   135.059425    89.895553     1.080475     0.405178     True  undefined
 767       1       2    13.011350     0.000000     0.104091     0.039034    False   passagem
 768       2   60    74.580045    49.640478     0.596640     0.223740     True  undefined
 769       2       1    13.011350     0.000000     0.104091     0.039034    False   passagem
 770       3   248    17.242742     0.000000     0.137942     0.051728     True   passagem
 771       3   102    27.476748     0.000000     0.219814     0.082430     True   passagem
 772       4   94   140.218091     0.000000     1.121745     0.420654     True   passagem
 773       4       3    13.994848     0.000000     0.111959     0.041985     True   passagem
 774       5   199    48.204956    32.085218     0.385640     0.144615    False  undefined
 775       5   205    41.547676    27.654133     0.332381     0.124643    False  undefined
 776       6    9  3544.902800     0.000000    28.359222    10.634708    False   passagem
