  id            u            v       length      demanda           CS           CA   oneway     status
   0   5116456985   5116456992    18.099584     0.000000     0.144797     0.054299    False   passagem
   1   5116456985   5116456988   343.493664     0.000000     2.747949     1.030481    False   passagem
   2   5116456986   2477827532    24.114721    16.050758     0.192918     0.072344    False  undefined
   3   5116456986   5116456988    15.212856     0.000000     0.121703     0.045639     True   passagem
   4   5116456986   2477827518   163.723645   108.974458     1.309789     0.491171    False  undefined
   5   5116456988    267884952    18.504131     0.000000     0.148033     0.055512    False   passagem
   6   5116456988   5116456990    19.965273     0.000000     0.159722     0.059896     True   passagem
   7   5116456988   5116456985   343.493664     0.000000     2.747949     1.030481    False   passagem
   8   5116456990   5116456985   333.869863     0.000000     2.670959     1.001610     True   passagem
   9   5116456992   5116456985    18.099584     0.000000     0.144797     0.054299    False   passagem
  10   5116456992   5116456995   103.377888     0.000000     0.827023     0.310134     True   passagem
  11   5116456992   5116457002   467.587291     0.000000     3.740698     1.402762    False   passagem
  12   5116456995   2477827518    94.838834    63.124728     0.758711     0.284517    False  undefined
  13   5116456995   2477827498    59.108057    39.342322     0.472864     0.177324    False  undefined
  14   5116457002   5116457006    95.051698     0.000000     0.760414     0.285155    False   passagem
  15   5116457002   2809708868   159.455159     0.000000     1.275641     0.478365     True   passagem
  16   5116457002   5116456992   467.587291     0.000000     3.740698     1.402762    False   passagem
  17   5116457003   2477827324     5.043207     3.356759     0.040346     0.015130    False  undefined
  18   5116457003   5116457006    56.308450     0.000000     0.450468     0.168925     True   passagem
  19   5116457003   2477827400   262.440801   174.680597     2.099526     0.787322    False  undefined
  20   5116457006   5116457002    95.051698     0.000000     0.760414     0.285155    False   passagem
  21   5116457006   2477827329    58.713289     0.000000     0.469706     0.176140    False   passagem
  22   4016382081   2477827181    25.664192    17.082086     0.205314     0.076993     True  undefined
  23   4016382081   2477827196   184.353170   122.705470     1.474825     0.553060     True  undefined
  24   3317160159   5116456990    34.950167     0.000000     0.279601     0.104851     True   passagem
  25   3317160159    267884952    23.683709     0.000000     0.189470     0.071051     True   passagem
  26   2477805825   2477827211   235.037660   156.441067     1.880301     0.705113    False  undefined
  27   2477805825   2477827300   116.512272    77.550568     0.932098     0.349537    False  undefined
  28   2477805825   2477832018   111.544608    74.244091     0.892357     0.334634    False  undefined
  29   2477805825   2477827408   203.929925   135.735758     1.631439     0.611790    False  undefined
  30   2477805826   2477805827    76.978997    51.237220     0.615832     0.230937    False  undefined
  31   2477805826   2477827380    14.066151     9.362430     0.112529     0.042198    False  undefined
  32   2477805826   2477827418   163.703098   108.960782     1.309625     0.491109     True  undefined
  33   2477805827   2477805826    76.978997    51.237220     0.615832     0.230937    False  undefined
  34   2477805827   2477805829    76.224403    50.734962     0.609795     0.228673    False  undefined
  35   2477805827   2661660993    37.704548    25.096147     0.301636     0.113114    False  undefined
  36   2477805829   2477805827    76.224403    50.734962     0.609795     0.228673    False  undefined
  37   2477805829   2477805833    79.464529    52.891591     0.635716     0.238394    False  undefined
  38   2477805829   2661660994    17.551248    11.682111     0.140410     0.052654    False  undefined
  39   2477805832   2477805836   167.707653   111.626214     1.341661     0.503123    False  undefined
  40   2477805832   1269539295    77.063833    51.293687     0.616511     0.231192    False  undefined
  41   2477805832   1269539343    72.832927    48.477596     0.582663     0.218499    False  undefined
  42   2477805832   2477827439    45.520921    30.298725     0.364167     0.136563    False  undefined
  43   2477805833   2477805829    79.464529    52.891591     0.635716     0.238394    False  undefined
  44   2477805833   2654864289    38.015921    25.303397     0.304127     0.114048    False  undefined
  45   2477805833   2477827480    74.735232    49.743770     0.597882     0.224206    False  undefined
  46   2477805836   2477805832   167.707653   111.626214     1.341661     0.503123    False  undefined
  47   2477805836   2477805840    78.044432    51.946374     0.624355     0.234133    False  undefined
  48   2477805836   2477827423    97.574692    64.945715     0.780598     0.292724    False  undefined
  49   2477805838   2477805840    61.884650    41.190423     0.495077     0.185654    False  undefined
  50   2477805838   2477827507    72.238940    48.082238     0.577912     0.216717    False  undefined
  51   2477805838   2654715443    45.165526    30.062174     0.361324     0.135497    False  undefined
  52   2477805840   2477805836    78.044432    51.946374     0.624355     0.234133    False  undefined
  53   2477805840   2477805838    61.884650    41.190423     0.495077     0.185654    False  undefined
  54   2477805840   2477805857   228.742015   152.250685     1.829936     0.686226    False  undefined
  55   2477805853   2654864293    26.780880    17.825354     0.214247     0.080343    False  undefined
  56   2477805853   2654864296    28.068797    18.682591     0.224550     0.084206    False  undefined
  57   2477805853   2654715450    44.141301    29.380450     0.353130     0.132424    False  undefined
  58   2477805857   2477805871    70.386540    46.849281     0.563092     0.211160    False  undefined
  59   2477805857   2477827507    73.310318    48.795348     0.586483     0.219931    False  undefined
  60   2477805857   2654715452    44.865003    29.862146     0.358920     0.134595    False  undefined
  61   2477805857   2477805840   228.742015   152.250685     1.829936     0.686226    False  undefined
  62   2477805862   2477805868    60.061650    39.977034     0.480493     0.180185    False  undefined
  63   2477805862   2654864294    48.272403    32.130112     0.386179     0.144817    False  undefined
  64   2477805862   2477805883    97.069752    64.609627     0.776558     0.291209    False  undefined
  65   2477805868   2477805862    60.061650    39.977034     0.480493     0.180185    False  undefined
  66   2477805868   2654864296    44.457463    29.590887     0.355660     0.133372    False  undefined
  67   2477805868   2654715454    43.005541    28.624488     0.344044     0.129017    False  undefined
  68   2477805868   2477805882    71.636961    47.681561     0.573096     0.214911    False  undefined
  69   2477805871   2477805857    70.386540    46.849281     0.563092     0.211160    False  undefined
  70   2477805871   2477805877    51.411108    34.219234     0.411289     0.154233    False  undefined
  71   2477805871   2477805889    73.951472    49.222100     0.591612     0.221854    False  undefined
  72   2477805871   2654715455    44.005619    29.290140     0.352045     0.132017    False  undefined
  73   2477805877   2477805871    51.411108    34.219234     0.411289     0.154233    False  undefined
  74   2477805882   2477805889   133.058502    88.563739     1.064468     0.399176    False  undefined
  75   2477805882   2477805902    74.931665    49.874516     0.599453     0.224795    False  undefined
  76   2477805882   2477805868    71.636961    47.681561     0.573096     0.214911    False  undefined
  77   2477805883   5116504533    54.096205    36.006434     0.432770     0.162289    False  undefined
  78   2477805883   2477805862    97.069752    64.609627     0.776558     0.291209    False  undefined
  79   2477805883   2477805911   130.509933    86.867412     1.044079     0.391530    False  undefined
  80   2661660991   2661660992   116.129202    77.295597     0.929034     0.348388    False  undefined
  81   2661660991   2477832012    32.418747    21.577918     0.259350     0.097256    False  undefined
  82   2661660991   2477832017    46.716047    31.094201     0.373728     0.140148    False  undefined
  83   2661660992   2661660991   116.129202    77.295597     0.929034     0.348388    False  undefined
  84   2661660992   2477827231    33.618405    22.376410     0.268947     0.100855    False  undefined
  85   2661660992   2477827394   268.005079   178.384180     2.144041     0.804015    False  undefined
  86   2661660993   2477805827    37.704548    25.096147     0.301636     0.113114    False  undefined
  87   2661660993   2661660994    73.258174    48.760640     0.586065     0.219775    False  undefined
  88   2661660993   2654864287    41.089937    27.349462     0.328719     0.123270    False  undefined
  89   2477805887   5116504533    61.224963    40.751336     0.489800     0.183675    False  undefined
  90   2477805887   2477827526   113.191345    75.340159     0.905531     0.339574    False  undefined
  91   2477805887   2477827468   285.109509   189.768889     2.280876     0.855329    False  undefined
  92   2477805887   2477805956   288.434368   191.981915     2.307475     0.865303    False  undefined
  93   2809708868       -39030    57.096382     0.000000     0.456771     0.171289     True   passagem
  94   2661660994   2477805829    17.551248    11.682111     0.140410     0.052654    False  undefined
  95   2661660994   2661660993    73.258174    48.760640     0.586065     0.219775    False  undefined
  96   2661660994   2654864288    43.198438    28.752881     0.345588     0.129595    False  undefined
  97   2477805894   2477827473   300.161726   199.787645     2.401294     0.900485    False  undefined
  98   2477805894   2477827529   110.305045    73.419038     0.882440     0.330915    False  undefined
  99   2477805894   2477827533   159.729873   106.316204     1.277839     0.479190    False  undefined
 100   2477805889   2477805871    73.951472    49.222100     0.591612     0.221854    False  undefined
 101   2477805889   2477805882   133.058502    88.563739     1.064468     0.399176    False  undefined
 102   2477805889   2477805896    63.760576    42.439039     0.510085     0.191282    False  undefined
 103   2477805889   2477805906    73.797141    49.119377     0.590377     0.221391    False  undefined
 104   2477805896   2477805889    63.760576    42.439039     0.510085     0.191282    False  undefined
 105   2477805902   2477805882    74.931665    49.874516     0.599453     0.224795    False  undefined
 106   2477805902   2477805906   133.530085    88.877625     1.068241     0.400590    False  undefined
 107   2477805902   2477805911    75.074714    49.969729     0.600598     0.225224    False  undefined
 108   2477805906   2477805889    73.797141    49.119377     0.590377     0.221391    False  undefined
 109   2477805906   2477805902   133.530085    88.877625     1.068241     0.400590    False  undefined
 110   2477805906   2477805910    60.990825    40.595493     0.487927     0.182972    False  undefined
 111   2477805906   2477805919    73.425913    48.872288     0.587407     0.220278    False  undefined
 112   2477805910   2477805906    60.990825    40.595493     0.487927     0.182972    False  undefined
 113   2477805911   2477805919   133.758532    89.029679     1.070068     0.401276    False  undefined
 114   2477805911   2477805935    72.500158    48.256105     0.580001     0.217500    False  undefined
 115   2477805911   2477805883   130.509933    86.867412     1.044079     0.391530    False  undefined
 116   2477805911   2477805902    75.074714    49.969729     0.600598     0.225224    False  undefined
 117   2477805919   2477805906    73.425913    48.872288     0.587407     0.220278    False  undefined
 118   2477805919   2477805911   133.758532    89.029679     1.070068     0.401276    False  undefined
 119   2477805919   2477805929    71.475915    47.574369     0.571807     0.214428    False  undefined
 120   2477805929   2477805919    71.475915    47.574369     0.571807     0.214428    False  undefined
 121   2477805929   2477805937    65.486458    43.587787     0.523892     0.196459    False  undefined
 122   2477805929   2477805946    63.733996    42.421348     0.509872     0.191202    False  undefined
 123   2477805935   2477805911    72.500158    48.256105     0.580001     0.217500    False  undefined
 124   2477805935   1269539418    86.927995    57.859274     0.695424     0.260784    False  undefined
 125   2477805935   5116504697   137.850007    91.752965     1.102800     0.413550    False  undefined
 126   2477805937   2477805929    65.486458    43.587787     0.523892     0.196459    False  undefined
 127   2477805946   2477805929    63.733996    42.421348     0.509872     0.191202    False  undefined
 128   2477805946   2477805947    22.035043    14.666525     0.176280     0.066105    False  undefined
 129   2477805946   4240251686   659.553813   438.999018     5.276431     1.978661    False  undefined
 130   2477805947   2477805946    22.035043    14.666525     0.176280     0.066105    False  undefined
 131   2477805947   5116504696    50.248025    33.445085     0.401984     0.150744    False  undefined
 132   2477805947   5116504697    51.105605    34.015890     0.408845     0.153317    False  undefined
 133   2477805956   1269539400    51.555272    34.315189     0.412442     0.154666    False  undefined
 134   2477805956   1237124340   104.360427    69.462300     0.834883     0.313081    False  undefined
 135   2477805956   2477805887   288.434368   191.981915     2.307475     0.865303    False  undefined
 136    267884948    267884952   140.106655     0.000000     1.120853     0.420320    False   passagem
 137    267884948   3317160159   131.546727     0.000000     1.052374     0.394640     True   passagem
 138    267884948   2477827535   412.416898     0.000000     3.299335     1.237251    False   passagem
 139    267884952   5116456988    18.504131     0.000000     0.148033     0.055512    False   passagem
 140    267884952    267884948   140.106655     0.000000     1.120853     0.420320    False   passagem
 141    267884952   2477827532    13.799968     0.000000     0.110400     0.041400     True   passagem
 142   2591412636   2591412648   106.679550    71.005908     0.853436     0.320039    False  undefined
 143   2591412636   2477831993    83.801695    55.778408     0.670414     0.251405    False  undefined
 144   2591412636   5116482156   135.106000    89.926553     1.080848     0.405318    False  undefined
 145   2591412644   2591412646    75.228109    50.071829     0.601825     0.225684    False  undefined
 146   2591412644   5116482160    57.383502    38.194459     0.459068     0.172151    False  undefined
 147   2591412644   2591412676   131.500172    87.526514     1.052001     0.394501    False  undefined
 148   2591412646   2591412644    75.228109    50.071829     0.601825     0.225684    False  undefined
 149   2591412646   2591412672    73.903011    49.189844     0.591224     0.221709    False  undefined
 150   2591412646   5116482158     8.642775     5.752631     0.069142     0.025928    False  undefined
 151   2591412648   2591412636   106.679550    71.005908     0.853436     0.320039    False  undefined
 152   2591412648   2477831995    86.522540    57.589403     0.692180     0.259568    False  undefined
 153   2591412648   5116482156   151.195756   100.635895     1.209566     0.453587    False  undefined
 154    267884969   2477827248   112.012465     0.000000     0.896100     0.336037    False   passagem
 155    267884969       -39028    83.645551     0.000000     0.669164     0.250937     True   passagem
 156    267884969       -39026  3544.902800     0.000000    28.359222    10.634708    False   passagem
 157   2591412672   2591412646    73.903011    49.189844     0.591224     0.221709    False  undefined
 158   2591412676   2477831998    20.105926    13.382504     0.160847     0.060318    False  undefined
 159   2591412676   2477832001   153.786609   102.360367     1.230293     0.461360    False  undefined
 160   2591412676   2591412644   131.500172    87.526514     1.052001     0.394501    False  undefined
 161   5116504524   2477831961   157.000815   104.499743     1.256007     0.471002    False  undefined
 162   5116504527   2477827199   114.002197    75.879862     0.912018     0.342007     True  undefined
 163   5116504527   2477827203    15.135578    10.074241     0.121085     0.045407    False  undefined
 164   5116504529   2477827170    68.441797    45.554860     0.547534     0.205325    False  undefined
 165   5116504529   2477827174   195.134833   129.881745     1.561079     0.585404     True  undefined
 166   5116504530   5116504531    53.978787    35.928281     0.431830     0.161936    False  undefined
 167   5116504530   2477827157   108.016488    71.895774     0.864132     0.324049    False  undefined
 168   5116504530   2653916614    44.345883    29.516619     0.354767     0.133038    False  undefined
 169   5116504531   5116504530    53.978787    35.928281     0.431830     0.161936    False  undefined
 170   5116504533   2477805883    54.096205    36.006434     0.432770     0.162289    False  undefined
 171   5116504533   2477805887    61.224963    40.751336     0.489800     0.183675    False  undefined
 172   5116504533   5116504534   205.283862   136.636938     1.642271     0.615852    False  undefined
 173   5116504534   5116504533   205.283862   136.636938     1.642271     0.615852    False  undefined
 174   2591412698   3185224646    39.650633    26.391461     0.317205     0.118952    False  undefined
 175   2591412698   2477832014    86.011449    57.249221     0.688092     0.258034    False  undefined
 176   2591412698   2477832015    93.577582    62.285238     0.748621     0.280733    False  undefined
 177   2591412700   5116482154    45.039534    29.978314     0.360316     0.135119     True  undefined
 178   1269539295   2477805832    77.063833    51.293687     0.616511     0.231192    False  undefined
 179   1269539295   2477827462    44.857670    29.857265     0.358861     0.134573    False  undefined
 180   1269539295   2477827495    71.301566    47.458322     0.570413     0.213905    False  undefined
 181   1269539295   2654715440    42.915541    28.564584     0.343324     0.128747    False  undefined
 182   2591412706   2477827265    19.381249     0.000000     0.155050     0.058144     True   passagem
 183   2591412706   2591412700    17.390792     0.000000     0.139126     0.052172     True   passagem
 184   2591412708   2477827248   138.606511     0.000000     1.108852     0.415820    False   passagem
 185   2591412708   2477827329    60.737757     0.000000     0.485902     0.182213    False   passagem
 186   2591412708       -39032     0.284806     0.000000     0.002278     0.000854     True   passagem
 187   1269539343   2477805832    72.832927    48.477596     0.582663     0.218499    False  undefined
 188   1269539343   2477827402    45.321304    30.165860     0.362570     0.135964    False  undefined
 189   1269539343   2477827423   126.408800    84.137698     1.011270     0.379226    False  undefined
 190   1269539400   2477805956    51.555272    34.315189     0.412442     0.154666    False  undefined
 191   1269539400   1269539418    35.614076    23.704729     0.284913     0.106842    False  undefined
 192   1269539400   4240251686   115.569819    76.923272     0.924559     0.346709    False  undefined
 193   1269539418   2477805935    86.927995    57.859274     0.695424     0.260784    False  undefined
 194   1269539418   1269539400    35.614076    23.704729     0.284913     0.106842    False  undefined
 195   1269539418   5116504696   157.394586   104.761837     1.259157     0.472184    False  undefined
 196   5116482152   5116482153    15.127835     0.000000     0.121023     0.045384    False   passagem
 197   5116482152   5116482155    67.128615    44.680806     0.537029     0.201386     True  undefined
 198   5116482153   5116482152    15.127835     0.000000     0.121023     0.045384    False   passagem
 199   5116482153   2477827242    83.656540    55.681793     0.669252     0.250970     True  undefined
 200   5116482154   5116482153    66.329641    44.149009     0.530637     0.198989     True  undefined
 201   5116482154   5116482155    15.234697     0.000000     0.121878     0.045704    False   passagem
 202   5116482155   5116482154    15.234697     0.000000     0.121878     0.045704    False   passagem
 203   5116482155   2477827258    41.326910    27.507192     0.330615     0.123981     True  undefined
 204   5116482156   5116482157    55.640263    37.034159     0.445122     0.166921    False  undefined
 205   5116482156   2591412648   151.195756   100.635895     1.209566     0.453587    False  undefined
 206   5116482156   2591412636   135.106000    89.926553     1.080848     0.405318    False  undefined
 207   5116482157   5116482156    55.640263    37.034159     0.445122     0.166921    False  undefined
 208   5116482158   2591412646     8.642775     5.752631     0.069142     0.025928    False  undefined
 209   5116482158   5116482159   100.148017    66.658520     0.801184     0.300444    False  undefined
 210   5116482158   2477831991    62.017765    41.279025     0.496142     0.186053    False  undefined
 211   5116482159   5116482158   100.148017    66.658520     0.801184     0.300444    False  undefined
 212   5116482160   2591412644    57.383502    38.194459     0.459068     0.172151    False  undefined
 213   5116482160   5116482161    39.990924    26.617959     0.319927     0.119973    False  undefined
 214   5116482160   2477831986     5.689793     3.787126     0.045518     0.017069    False  undefined
 215   5116482161   5116482160    39.990924    26.617959     0.319927     0.119973    False  undefined
 216   5116482162   5116482163    16.953618    11.284328     0.135629     0.050861    False  undefined
 217   5116482162   2477831984    53.406897    35.547631     0.427255     0.160221     True  undefined
 218   5116482163   5116482162    16.953618    11.284328     0.135629     0.050861    False  undefined
 219   5116482163   2477832003   148.264589    98.684910     1.186117     0.444794     True  undefined
 220   5116504696   2477805947    50.248025    33.445085     0.401984     0.150744    False  undefined
 221   5116504696   1269539418   157.394586   104.761837     1.259157     0.472184    False  undefined
 222   5116504696   5116504697    21.737312    14.468355     0.173898     0.065212    False  undefined
 223   5116504697   2477805935   137.850007    91.752965     1.102800     0.413550    False  undefined
 224   5116504697   2477805947    51.105605    34.015890     0.408845     0.153317    False  undefined
 225   5116504697   5116504696    21.737312    14.468355     0.173898     0.065212    False  undefined
 226   4240251684   4240251686   157.706371   104.969360     1.261651     0.473119    False  undefined
 227   4240251686   4240251684   157.706371   104.969360     1.261651     0.473119    False  undefined
 228   4240251686   1269539400   115.569819    76.923272     0.924559     0.346709    False  undefined
 229   4240251686   2477805946   659.553813   438.999018     5.276431     1.978661    False  undefined
 230   2654864287   2661660993    41.089937    27.349462     0.328719     0.123270    False  undefined
 231   2654864287   2654864288    73.318125    48.800544     0.586545     0.219954    False  undefined
 232   2654864287   2477827402    44.060372    29.326583     0.352483     0.132181    False  undefined
 233   2654864288   2661660994    43.198438    28.752881     0.345588     0.129595    False  undefined
 234   2654864288   2654864287    73.318125    48.800544     0.586545     0.219954    False  undefined
 235   2654864288   2654864289    76.386455    50.842825     0.611092     0.229159    False  undefined
 236   2654864288   2477827439    41.283707    27.478435     0.330270     0.123851    False  undefined
 237   2654864289   2477805833    38.015921    25.303397     0.304127     0.114048    False  undefined
 238   2654864289   2654864288    76.386455    50.842825     0.611092     0.229159    False  undefined
 239   2654864289   2654864290    71.403690    47.526296     0.571230     0.214211    False  undefined
 240   2654864289   2477827462    42.252454    28.123233     0.338020     0.126757    False  undefined
 241   2654864290   2654864289    71.403690    47.526296     0.571230     0.214211    False  undefined
 242   2654864290   2477827480    15.484956    10.306786     0.123880     0.046455    False  undefined
 243   2654864290   2477827486    42.813038    28.496358     0.342504     0.128439    False  undefined
 244   2654864291   2654864292    60.426608    40.219950     0.483413     0.181280    False  undefined
 245   2654864291   2654864294    56.467991    37.585095     0.451744     0.169404    False  undefined
 246   2654864291   2477827480    48.750615    32.448410     0.390005     0.146252    False  undefined
 247   2654864292   2654864291    60.426608    40.219950     0.483413     0.181280    False  undefined
 248   2654864292   2654864293    29.110832    19.376170     0.232887     0.087332    False  undefined
 249   2654864292   2654864295    54.626494    36.359395     0.437012     0.163879    False  undefined
 250   2654864293   2477805853    26.780880    17.825354     0.214247     0.080343    False  undefined
 251   2654864293   2654864292    29.110832    19.376170     0.232887     0.087332    False  undefined
 252   2654864293   2477827495    44.926231    29.902899     0.359410     0.134779    False  undefined
 253   2654864294   2477805862    48.272403    32.130112     0.386179     0.144817    False  undefined
 254   2654864294   2654864291    56.467991    37.585095     0.451744     0.169404    False  undefined
 255   2654864294   2654864295    43.880611    29.206935     0.351045     0.131642    False  undefined
 256   2654864295   2654864292    54.626494    36.359395     0.437012     0.163879    False  undefined
 257   2654864295   2654864294    43.880611    29.206935     0.351045     0.131642    False  undefined
 258   2654864295   2654864296    29.581643    19.689542     0.236653     0.088745    False  undefined
 259   2654864296   2477805853    28.068797    18.682591     0.224550     0.084206    False  undefined
 260   2654864296   2477805868    44.457463    29.590887     0.355660     0.133372    False  undefined
 261   2654864296   2654864295    29.581643    19.689542     0.236653     0.088745    False  undefined
 262   3185224646   2591412698    39.650633    26.391461     0.317205     0.118952    False  undefined
 263   3185224646   2477827249    22.307807    14.848076     0.178462     0.066923     True  undefined
 264   2302899238   1237124340    18.470737    12.294122     0.147766     0.055412    False  undefined
 265   2302899238   2477827529   227.274869   151.274153     1.818199     0.681825     True  undefined
 266   2302899238   2477827535    76.555832    50.955562     0.612447     0.229667    False  undefined
 267   2477827143   2477831977   229.233234   152.577641     1.833866     0.687700    False  undefined
 268   2477827143   2477827158   136.902381    91.122225     1.095219     0.410707    False  undefined
 269   2477827143   2477831965   173.263791   115.324380     1.386110     0.519791    False  undefined
 270   2477827144   2477827148    26.239473    17.464993     0.209916     0.078718    False  undefined
 271   2477827148   2477827144    26.239473    17.464993     0.209916     0.078718    False  undefined
 272   2477827148   2477827174   112.886850    75.137488     0.903095     0.338661    False  undefined
 273   2477827148   2477827170   166.246482   110.653658     1.329972     0.498739    False  undefined
 274   2477827155   2477831982    41.921062    27.902659     0.335368     0.125763    False  undefined
 275   2477827155   2477827156    99.599822    66.293641     0.796799     0.298799    False  undefined
 276   2477827155   2477827171    74.640963    49.681025     0.597128     0.223923    False  undefined
 277   2477827156   2477831982    83.313293    55.453328     0.666506     0.249940    False  undefined
 278   2477827156   2477827155    99.599822    66.293641     0.796799     0.298799    False  undefined
 279   2477827156   2477831985    95.216735    63.376259     0.761734     0.285650    False  undefined
 280   2477827157   2477827167    55.688108    37.066005     0.445505     0.167064    False  undefined
 281   2477827157   5116504530   108.016488    71.895774     0.864132     0.324049    False  undefined
 282   2477827157   2477827176   159.777726   106.348054     1.278222     0.479333    False  undefined
 283   2477827158   2477831983   155.979088   103.819681     1.247833     0.467937    False  undefined
 284   2477827158   2477827192   142.083027    94.570463     1.136664     0.426249    False  undefined
 285   2477827158   2477827143   136.902381    91.122225     1.095219     0.410707    False  undefined
 286   2477827165   2898228820   159.135913   105.920863     1.273087     0.477408    False  undefined
 287   2477827165   2477831984   112.711430    75.020728     0.901691     0.338134    False  undefined
 288   2477827165   2477831975   165.347475   110.055280     1.322780     0.496042    False  undefined
 289   2477827165   2477832009   222.520304   148.109515     1.780162     0.667561    False  undefined
 290   2477827167   2477827157    55.688108    37.066005     0.445505     0.167064    False  undefined
 291   2477827167   2477827190    90.105229    59.974040     0.720842     0.270316    False  undefined
 292   2477827167   2477827173   100.889959    67.152357     0.807120     0.302670    False  undefined
 293   2477827170   5116504529    68.441797    45.554860     0.547534     0.205325    False  undefined
 294   2477827170   2477827148   166.246482   110.653658     1.329972     0.498739    False  undefined
 295   2477827170   2653916614   149.531702    99.528301     1.196254     0.448595    False  undefined
 296   2477827171   2477831982    58.820986    39.151248     0.470568     0.176463    False  undefined
 297   2477827171   2477831989   142.243631    94.677360     1.137949     0.426731    False  undefined
 298   2477827171   2477827155    74.640963    49.681025     0.597128     0.223923    False  undefined
 299   2477827173   2653916614   104.799171    69.754329     0.838393     0.314398    False  undefined
 300   2477827173   2653916618    69.770051    46.438946     0.558160     0.209310    False  undefined
 301   2477827173   2477827167   100.889959    67.152357     0.807120     0.302670    False  undefined
 302   2477827173   2477827181    97.158414    64.668641     0.777267     0.291475    False  undefined
 303   2477827174   2477827177    21.650899    14.410838     0.173207     0.064953    False  undefined
 304   2477827174   2477827148   112.886850    75.137488     0.903095     0.338661    False  undefined
 305   2477827176   2477827199    96.195549    64.027757     0.769564     0.288587    False  undefined
 306   2477827176   2477827157   159.777726   106.348054     1.278222     0.479333    False  undefined
 307   2477827176   2477827192   227.983745   151.745981     1.823870     0.683951    False  undefined
 308   2477827177   2477827174    21.650899    14.410838     0.173207     0.064953    False  undefined
 309   2477827177   2477827180    44.232882    29.441406     0.353863     0.132699     True  undefined
 310   2477827177   2477827205   126.773157    84.380213     1.014185     0.380319    False  undefined
 311   2477827180   2477827185   154.280301   102.688968     1.234242     0.462841     True  undefined
 312   2477827180   2477827314   464.381890   309.092586     3.715055     1.393146    False  undefined
 313   2477827181   5116504529    13.668724     9.097903     0.109350     0.041006     True  undefined
 314   2477827181   2477827173    97.158414    64.668641     0.777267     0.291475    False  undefined
 315   2477827183   2477831982    85.966851    57.219536     0.687735     0.257901    False  undefined
 316   2477827183   2477831985   119.973936    79.854652     0.959791     0.359922    False  undefined
 317   2477827183   2477831996    85.037880    56.601213     0.680303     0.255114    False  undefined
 318   2477827183   2477831997   202.717316   134.928645     1.621739     0.608152    False  undefined
 319   2477827185   4016382081    18.268103    12.159250     0.146145     0.054804     True  undefined
 320   2477827185   2477827260   390.393128   259.845666     3.123145     1.171179     True  undefined
 321   2477827190   2477827167    90.105229    59.974040     0.720842     0.270316    False  undefined
 322   2477827190   2653916618    63.673867    42.381326     0.509391     0.191022     True  undefined
 323   2477827192   2477827198    21.013353    13.986487     0.168107     0.063040    False  undefined
 324   2477827192   2477827158   142.083027    94.570463     1.136664     0.426249    False  undefined
 325   2477827192   2477827176   227.983745   151.745981     1.823870     0.683951    False  undefined
 326   2477827193   2477827190    22.651204    15.076641     0.181210     0.067954     True  undefined
 327   2477827193   2477827196    14.453276     9.620101     0.115626     0.043360    False  undefined
 328   2477827196   2477827193    14.453276     9.620101     0.115626     0.043360    False  undefined
 329   2477827196   2477827200   115.105443    76.614183     0.920844     0.345316     True  undefined
 330   2477827196   2477827230   153.727934   102.321313     1.229823     0.461184    False  undefined
 331   2477827198   2477827192    21.013353    13.986487     0.168107     0.063040    False  undefined
 332   2477827198   2477827206    45.987472    30.609261     0.367900     0.137962    False  undefined
 333   2477827198   2477827215    94.636675    62.990171     0.757093     0.283910    False  undefined
 334   2477827199   2477827176    96.195549    64.027757     0.769564     0.288587    False  undefined
 335   2477827199   2477827193   115.263774    76.719568     0.922110     0.345791     True  undefined
 336   2477827199   2477827200    14.761162     9.825030     0.118089     0.044283    False  undefined
 337   2477827200   2477827199    14.761162     9.825030     0.118089     0.044283    False  undefined
 338   2477827200   2477827203   114.495870    76.208451     0.915967     0.343488     True  undefined
 339   2477827200   2477827279   249.431191   166.021400     1.995450     0.748294    False  undefined
 340   2477827203   5116504527    15.135578    10.074241     0.121085     0.045407    False  undefined
 341   2477827203   2477827211   112.473889    74.862621     0.899791     0.337422     True  undefined
 342   2477827203   2477827300   240.525320   160.093653     1.924203     0.721576    False  undefined
 343   2477827205   2477827323   322.748394   214.821331     2.581987     0.968245    False  undefined
 344   2477827205   2477827177   126.773157    84.380213     1.014185     0.380319    False  undefined
 345   2477827205   2477827218   134.570451    89.570092     1.076564     0.403711    False  undefined
 346   2477827206   5116504527   113.549087    75.578272     0.908393     0.340647     True  undefined
 347   2477827206   2477827198    45.987472    30.609261     0.367900     0.137962    False  undefined
 348   2477827206   2477827211    13.611569     9.059861     0.108893     0.040835    False  undefined
 349   2477827208   2477831991    77.752640    51.752158     0.622021     0.233258    False  undefined
 350   2477827208   2477831999    28.000803    18.637334     0.224006     0.084002    False  undefined
 351   2477827208   2477832001    16.350406    10.882830     0.130803     0.049051    False  undefined
 352   2477827211   2477805825   235.037660   156.441067     1.880301     0.705113    False  undefined
 353   2477827211   2477827206    13.611569     9.059861     0.108893     0.040835    False  undefined
 354   2477827211   2477832006   117.767624    78.386130     0.942141     0.353303     True  undefined
 355   2477827215   2477827198    94.636675    62.990171     0.757093     0.283910    False  undefined
 356   2477827215   2477827206    80.045546    53.278315     0.640364     0.240137     True  undefined
 357   2477827218   2477827353   347.952320   231.597064     2.783619     1.043857    False  undefined
 358   2477827218   2477827353   347.952320   231.597064     2.783619     1.043857    False  undefined
 359   2477827218   2477827205   134.570451    89.570092     1.076564     0.403711    False  undefined
 360   2477827222   2477827225    15.425182    10.267001     0.123401     0.046276    False  undefined
 361   2477827222   2898228820    43.940032    29.246485     0.351520     0.131820    False  undefined
 362   2477827222   2898228821    78.213084    52.058629     0.625705     0.234639     True  undefined
 363   2477827223   2477827242    99.187493    66.019195     0.793500     0.297562    False  undefined
 364   2477827223   2477831996    82.110533    54.652771     0.656884     0.246332    False  undefined
 365   2477827223   2477831999    94.716781    63.043490     0.757734     0.284150    False  undefined
 366   2477827223   2477832015   202.366247   134.694974     1.618930     0.607099    False  undefined
 367   2477827225   2477827222    15.425182    10.267001     0.123401     0.046276    False  undefined
 368   2477827225   2477832012   115.168183    76.655943     0.921345     0.345505     True  undefined
 369   2477827225   2477832016    86.576482    57.625306     0.692612     0.259729    False  undefined
 370   2477827229   2477827231    15.205385    10.120704     0.121643     0.045616    False  undefined
 371   2477827229   2477832011   117.994011    78.536814     0.943952     0.353982     True  undefined
 372   2477827230   4016382081   253.971569   169.043476     2.031773     0.761915     True  undefined
 373   2477827230   2477827196   153.727934   102.321313     1.229823     0.461184    False  undefined
 374   2477827231   2661660992    33.618405    22.376410     0.268947     0.100855    False  undefined
 375   2477827231   2477827229    15.205385    10.120704     0.121643     0.045616    False  undefined
 376   2477827231   2477827235   113.370238    75.459230     0.906962     0.340111     True  undefined
 377   2477827233   2477827235    15.081891    10.038507     0.120655     0.045246    False  undefined
 378   2477827233   2477832013    92.025983    61.252494     0.736208     0.276078     True  undefined
 379   2477827235   2477827233    15.081891    10.038507     0.120655     0.045246    False  undefined
 380   2477827235   2477827239   112.527044    74.898001     0.900216     0.337581     True  undefined
 381   2477827235   2477827386   240.509568   160.083169     1.924077     0.721529    False  undefined
 382   2477827237   2477827233   110.971602    73.862698     0.887773     0.332915     True  undefined
 383   2477827237   2477827239    15.021414     9.998253     0.120171     0.045064    False  undefined
 384   2477827237   2477832001   111.852796    74.449221     0.894822     0.335558    False  undefined
 385   2477827239   2477827237    15.021414     9.998253     0.120171     0.045064    False  undefined
 386   2477827239   2477827244   116.290867    77.403201     0.930327     0.348873     True  undefined
 387   2477827239   2477827372   179.769434   119.654536     1.438155     0.539308    False  undefined
 388   2477827242   2477827223    99.187493    66.019195     0.793500     0.297562    False  undefined
 389   2477827242   2477827237   115.911458    77.150667     0.927292     0.347734     True  undefined
 390   2477827242   2477827244    14.953461     9.953023     0.119628     0.044860    False  undefined
 391   2477827244   5116482152    80.486492    53.571809     0.643892     0.241459     True  undefined
 392   2477827244   2477827242    14.953461     9.953023     0.119628     0.044860    False  undefined
 393   2477827244   2477827348   119.215318    79.349715     0.953723     0.357646    False  undefined
 394   2477827248    267884969   112.012465     0.000000     0.896100     0.336037    False   passagem
 395   2477827248   2591412708   138.606511     0.000000     1.108852     0.415820    False   passagem
 396   2477827249   2591412700    44.241337    29.447034     0.353931     0.132724     True  undefined
 397   2477827249   2477827265    31.055493     0.000000     0.248444     0.093166     True   passagem
 398   2477827253   2477827230   125.397380    83.464496     1.003179     0.376192     True  undefined
 399   2477827253   2477827260    13.569126     9.031610     0.108553     0.040707    False  undefined
 400   2477827258   2591412706     4.361867     0.000000     0.034895     0.013086     True   passagem
 401   2477827258   2477827274    15.351057    10.217664     0.122808     0.046053     True  undefined
 402   2477827260   2477827253    13.569126     9.031610     0.108553     0.040707    False  undefined
 403   2477827260   2477827314   112.085622    74.604190     0.896685     0.336257    False  undefined
 404   2477827260   2477827358   121.937864    81.161843     0.975503     0.365814     True  undefined
 405   2477827265   2477827274    23.071068    15.356103     0.184569     0.069213     True  undefined
 406   2477827265   2477827280    40.031548     0.000000     0.320252     0.120095     True   passagem
 407   2477827265   2477827287    22.549300     0.000000     0.180394     0.067648     True   passagem
 408   2477827274   2477827348   214.499629   142.770953     1.715997     0.643499     True  undefined
 409   2477827279   2477827200   249.431191   166.021400     1.995450     0.748294    False  undefined
 410   2477827279   2477827253    29.623810    19.717608     0.236990     0.088871     True  undefined
 411   2477827280   2477827324    36.923903     0.000000     0.295391     0.110772     True   passagem
 412   2477827287   2477827324    26.295118     0.000000     0.210361     0.078885     True   passagem
 413   2477827300   2477805825   116.512272    77.550568     0.932098     0.349537    False  undefined
 414   2477827300   2477827203   240.525320   160.093653     1.924203     0.721576    False  undefined
 415   2477827300   2477827380   100.727590    67.044284     0.805821     0.302183    False  undefined
 416   2477827314   2477827260   112.085622    74.604190     0.896685     0.336257    False  undefined
 417   2477827314   2477827327    46.911650    31.224394     0.375293     0.140735    False  undefined
 418   2477827314   2477827180   464.381890   309.092586     3.715055     1.393146    False  undefined
 419   1237124340   2477805956   104.360427    69.462300     0.834883     0.313081    False  undefined
 420   1237124340   2302899238    18.470737    12.294122     0.147766     0.055412    False  undefined
 421   2477827323   2477827335    39.066709    26.002801     0.312534     0.117200    False  undefined
 422   2477827323   2477827205   322.748394   214.821331     2.581987     0.968245    False  undefined
 423   2477827323   2477827327   123.373269    82.117248     0.986986     0.370120    False  undefined
 424   2477827324   5116457003     5.043207     3.356759     0.040346     0.015130    False  undefined
 425   2477827324   2477827329    14.250121     0.000000     0.114001     0.042750     True   passagem
 426   2477827327   2477827314    46.911650    31.224394     0.375293     0.140735    False  undefined
 427   2477827327   2477827360    47.867608    31.860680     0.382941     0.143603    False  undefined
 428   2477827327   2477827323   123.373269    82.117248     0.986986     0.370120    False  undefined
 429   2477827329   2591412708    60.737757     0.000000     0.485902     0.182213    False   passagem
 430   2477827329   2809708868    14.489813     0.000000     0.115919     0.043469     True   passagem
 431   2477827329   5116457006    58.713289     0.000000     0.469706     0.176140    False   passagem
 432   2477827332   2477827345   113.884261    75.801364     0.911074     0.341653    False  undefined
 433   2477827332   2477827420   209.944422   139.739008     1.679555     0.629833    False  undefined
 434   2477827332   2477832016   124.581623    82.921528     0.996653     0.373745    False  undefined
 435   2477827332   2477832019   110.215539    73.359463     0.881724     0.330647    False  undefined
 436   2477827335   2477827323    39.066709    26.002801     0.312534     0.117200    False  undefined
 437   2477827335   2477827374    58.759127    39.110075     0.470073     0.176277    False  undefined
 438   2477827335   2477827353   105.561527    70.261752     0.844492     0.316685    False  undefined
 439   2477827345   2477827332   113.884261    75.801364     0.911074     0.341653    False  undefined
 440   2477827345   2477827405   160.616583   106.906398     1.284933     0.481850    False  undefined
 441   2477827345   2477832017   123.267069    82.046561     0.986137     0.369801    False  undefined
 442   2477827348   2477827244   119.215318    79.349715     0.953723     0.357646    False  undefined
 443   2477827348   2477827356    34.570318    23.010003     0.276563     0.103711     True  undefined
 444   2477827352   2477827279    92.887516    61.825931     0.743100     0.278663     True  undefined
 445   2477827352   2477827358    14.123381     9.400522     0.112987     0.042370    False  undefined
 446   2477827353   2477827218   347.952320   231.597064     2.783619     1.043857    False  undefined
 447   2477827353   2477827218   347.952320   231.597064     2.783619     1.043857    False  undefined
 448   2477827353   2477827335   105.561527    70.261752     0.844492     0.316685    False  undefined
 449   2477827356   2477827364    13.804865     9.188518     0.110439     0.041415    False  undefined
 450   2477827356   2477827372    88.346946    58.803727     0.706776     0.265041     True  undefined
 451   2477827358   2477805826    63.080505    41.986384     0.504644     0.189242     True  undefined
 452   2477827358   2477827352    14.123381     9.400522     0.112987     0.042370    False  undefined
 453   2477827358   2477827388   262.679324   174.839358     2.101435     0.788038    False  undefined
 454   2477827360   2477827327    47.867608    31.860680     0.382941     0.143603    False  undefined
 455   2477827360   2477827374   108.199949    72.017886     0.865600     0.324600    False  undefined
 456   2477827360   2477827388    78.585897    52.306773     0.628687     0.235758    False  undefined
 457   2477827362   2477827396   109.103448    72.619255     0.872828     0.327310    False  undefined
 458   2477827362   2477827287   236.649035   157.513598     1.893192     0.709947     True  undefined
 459   2477827364   2477827356    13.804865     9.188518     0.110439     0.041415    False  undefined
 460   2477827364   2477827362    22.699695    15.108917     0.181598     0.068099     True  undefined
 461   2477827372   2477827239   179.769434   119.654536     1.438155     0.539308    False  undefined
 462   2477827372   2477827376    15.257751    10.155559     0.122062     0.045773     True  undefined
 463   2477827374   2477827335    58.759127    39.110075     0.470073     0.176277    False  undefined
 464   2477827374   2477827360   108.199949    72.017886     0.865600     0.324600    False  undefined
 465   2477827374   2477827392    74.756032    49.757615     0.598048     0.224268    False  undefined
 466   2477827376   2477827382    12.327723     8.205333     0.098622     0.036983    False  undefined
 467   2477827376   2477827386   111.967317    74.525446     0.895739     0.335902     True  undefined
 468   2477827380   2477805826    14.066151     9.362430     0.112529     0.042198    False  undefined
 469   2477827380   2477827352    56.258756    37.445828     0.450070     0.168776     True  undefined
 470   2477827380   2477827300   100.727590    67.044284     0.805821     0.302183    False  undefined
 471   2477827382   2477827364   104.085824    69.279524     0.832687     0.312257     True  undefined
 472   2477827382   2477827376    12.327723     8.205333     0.098622     0.036983    False  undefined
 473   2477827382   2477827406   110.832390    73.770039     0.886659     0.332497    False  undefined
 474   2477827386   2477827387    22.393898    14.905379     0.179151     0.067182     True  undefined
 475   2477827386   2477827235   240.509568   160.083169     1.924077     0.721529    False  undefined
 476   2477827387   2477827390    13.852443     9.220186     0.110820     0.041557    False  undefined
 477   2477827387   2477827394   104.004008    69.225068     0.832032     0.312012     True  undefined
 478   2477827388   2477827358   262.679324   174.839358     2.101435     0.788038    False  undefined
 479   2477827388   2477827360    78.585897    52.306773     0.628687     0.235758    False  undefined
 480   2477827388   2477827392    74.880770    49.840640     0.599046     0.224642    False  undefined
 481   2477827390   2477827382   134.100120    89.257040     1.072801     0.402300     True  undefined
 482   2477827390   2477827387    13.852443     9.220186     0.110820     0.041557    False  undefined
 483   2477827392   2477827374    74.756032    49.757615     0.598048     0.224268    False  undefined
 484   2477827392   2477827388    74.880770    49.840640     0.599046     0.224642    False  undefined
 485   2477827392   2477827423    84.843706    56.471971     0.678750     0.254531    False  undefined
 486   2477827394   2661660992   268.005079   178.384180     2.144041     0.804015    False  undefined
 487   2477827394   2477827405   124.175436    82.651170     0.993403     0.372526     True  undefined
 488   2477827396   2477827362   109.103448    72.619255     0.872828     0.327310    False  undefined
 489   2477827396   2477827400    17.824112    11.863729     0.142593     0.053472    False  undefined
 490   2477827396   2477827406   124.184327    82.657088     0.993475     0.372553    False  undefined
 491   2477827398   2477827390    76.338182    50.810694     0.610705     0.229015     True  undefined
 492   2477827398   2477827454   113.155747    75.316465     0.905246     0.339467    False  undefined
 493   2477827400   2477827396    17.824112    11.863729     0.142593     0.053472    False  undefined
 494   2477827400   5116457003   262.440801   174.680597     2.099526     0.787322    False  undefined
 495   2477827400   2477827431   130.909194    87.133160     1.047274     0.392728    False  undefined
 496   2477827402   1269539343    45.321304    30.165860     0.362570     0.135964    False  undefined
 497   2477827402   2654864287    44.060372    29.326583     0.352483     0.132181    False  undefined
 498   2477827402   2477827439    73.249254    48.754703     0.585994     0.219748    False  undefined
 499   2477827405   2477827345   160.616583   106.906398     1.284933     0.481850    False  undefined
 500   2477827405   2477827420   127.012397    84.539451     1.016099     0.381037     True  undefined
 501   2477827406   2477827382   110.832390    73.770039     0.886659     0.332497    False  undefined
 502   2477827406   2477827396   124.184327    82.657088     0.993475     0.372553    False  undefined
 503   2477827406   2477827431    58.358193    38.843213     0.466866     0.175075    False  undefined
 504   2477827406   2477827454   229.301478   152.623064     1.834412     0.687904    False  undefined
 505   2477827408   2477827380   156.463356   104.142010     1.251707     0.469390     True  undefined
 506   2477827408   2477827418    14.992586     9.979065     0.119941     0.044978    False  undefined
 507   2477827408   2477805825   203.929925   135.735758     1.631439     0.611790    False  undefined
 508   2477827418   2477827408    14.992586     9.979065     0.119941     0.044978    False  undefined
 509   2477827418   2477827468   143.991108    95.840482     1.151929     0.431973    False  undefined
 510   2477827418   2477827457    79.233374    52.737734     0.633867     0.237700     True  undefined
 511   2477827420   2477827332   209.944422   139.739008     1.679555     0.629833    False  undefined
 512   2477827420   2477827426    16.680293    11.102403     0.133442     0.050041    False  undefined
 513   2477827420   2477827442    80.046953    53.279252     0.640376     0.240141     True  undefined
 514   2477827423   1269539343   126.408800    84.137698     1.011270     0.379226    False  undefined
 515   2477827423   2477827392    84.843706    56.471971     0.678750     0.254531    False  undefined
 516   2477827423   2477805836    97.574692    64.945715     0.780598     0.292724    False  undefined
 517   2477827426   2477827398   286.027113   190.379646     2.288217     0.858081     True  undefined
 518   2477827426   2477827420    16.680293    11.102403     0.133442     0.050041    False  undefined
 519   2477827426   2477827473   121.670303    80.983754     0.973362     0.365011    False  undefined
 520   2477827431   2477827406    58.358193    38.843213     0.466866     0.175075    False  undefined
 521   2477827431   2477827498   264.746802   176.215472     2.117974     0.794240    False  undefined
 522   2477827431   2477827400   130.909194    87.133160     1.047274     0.392728    False  undefined
 523   2477827434   2477827436    15.897646    10.581473     0.127181     0.047693    False  undefined
 524   2477827434   2477827442    35.826398    23.846051     0.286611     0.107479    False  undefined
 525   2477827434   2477832019   242.497040   161.406030     1.939976     0.727491     True  undefined
 526   2477827436   2477827434    15.897646    10.581473     0.127181     0.047693    False  undefined
 527   2477827436   2477827451    51.589437    34.337929     0.412715     0.154768    False  undefined
 528   2477827439   2477805832    45.520921    30.298725     0.364167     0.136563    False  undefined
 529   2477827439   2654864288    41.283707    27.478435     0.330270     0.123851    False  undefined
 530   2477827439   2477827402    73.249254    48.754703     0.585994     0.219748    False  undefined
 531   2477827439   2477827462    76.728094    51.070220     0.613825     0.230184    False  undefined
 532   2477827442   2477827434    35.826398    23.846051     0.286611     0.107479    False  undefined
 533   2477827442   2477827448    17.430414    11.601684     0.139443     0.052291    False  undefined
 534   2477827448   2477827426    62.341143    41.494264     0.498729     0.187023     True  undefined
 535   2477827448   2477827442    17.430414    11.601684     0.139443     0.052291    False  undefined
 536   2477827448   2477827471    97.789459    65.088664     0.782316     0.293368    False  undefined
 537   2477827451   2477827436    51.589437    34.337929     0.412715     0.154768    False  undefined
 538   2477827451   2477827457    16.368586    10.894931     0.130949     0.049106    False  undefined
 539   2477827451   2477827408    90.168669    60.016266     0.721349     0.270506     True  undefined
 540   2477827454   2477827398   113.155747    75.316465     0.905246     0.339467    False  undefined
 541   2477827454   2477827406   229.301478   152.623064     1.834412     0.687904    False  undefined
 542   2477827454   2477827476   312.504111   208.002737     2.500033     0.937512    False  undefined
 543   2477827454   2477827498   140.813858    93.725704     1.126511     0.422442    False  undefined
 544   2477827457   2477827451    16.368586    10.894931     0.130949     0.049106    False  undefined
 545   2477827457   2477827465    76.105065    50.655531     0.608841     0.228315    False  undefined
 546   2477827462   1269539295    44.857670    29.857265     0.358861     0.134573    False  undefined
 547   2477827462   2654864289    42.252454    28.123233     0.338020     0.126757    False  undefined
 548   2477827462   2477827439    76.728094    51.070220     0.613825     0.230184    False  undefined
 549   2477827462   2477827486    71.070062    47.304233     0.568560     0.213210    False  undefined
 550   2477827465   2477827457    76.105065    50.655531     0.608841     0.228315    False  undefined
 551   2477827465   2477827468    42.388963    28.214094     0.339112     0.127167    False  undefined
 552   2477827465   2477827471   154.893580   103.097167     1.239149     0.464681    False  undefined
 553   2477827465   2477827509   121.119540    80.617166     0.968956     0.363359    False  undefined
 554   2477827468   2477827418   143.991108    95.840482     1.151929     0.431973    False  undefined
 555   2477827468   2477827465    42.388963    28.214094     0.339112     0.127167    False  undefined
 556   2477827468   2477827480   151.904939   101.107927     1.215240     0.455715    False  undefined
 557   2477827468   2477805887   285.109509   189.768889     2.280876     0.855329    False  undefined
 558   2477827471   2477827465   154.893580   103.097167     1.239149     0.464681    False  undefined
 559   2477827471   2477827473    37.511871    24.967902     0.300095     0.112536    False  undefined
 560   2477827471   2477827448    97.789459    65.088664     0.782316     0.293368    False  undefined
 561   2477827471   2477827512   125.341218    83.427115     1.002730     0.376024    False  undefined
 562   2477827473   2477805894   300.161726   199.787645     2.401294     0.900485    False  undefined
 563   2477827473   2477827426   121.670303    80.983754     0.973362     0.365011    False  undefined
 564   2477827473   2477827471    37.511871    24.967902     0.300095     0.112536    False  undefined
 565   2477827473   2477827476     8.585229     5.714328     0.068682     0.025756    False  undefined
 566   2477827476   2477827454   312.504111   208.002737     2.500033     0.937512    False  undefined
 567   2477827476   2477827473     8.585229     5.714328     0.068682     0.025756    False  undefined
 568   2477827476   2477827518   246.912699   164.345092     1.975302     0.740738    False  undefined
 569   2477827480   2477805833    74.735232    49.743770     0.597882     0.224206    False  undefined
 570   2477827480   2654864290    15.484956    10.306786     0.123880     0.046455    False  undefined
 571   2477827480   2654864291    48.750615    32.448410     0.390005     0.146252    False  undefined
 572   2477827480   2477827468   151.904939   101.107927     1.215240     0.455715    False  undefined
 573   2477827486   2654864290    42.813038    28.496358     0.342504     0.128439    False  undefined
 574   2477827486   2477827462    71.070062    47.304233     0.568560     0.213210    False  undefined
 575   2477827486   2477827495    45.444432    30.247814     0.363555     0.136333    False  undefined
 576   2477827495   1269539295    71.301566    47.458322     0.570413     0.213905    False  undefined
 577   2477827495   2654864293    44.926231    29.902899     0.359410     0.134779    False  undefined
 578   2477827495   2477827486    45.444432    30.247814     0.363555     0.136333    False  undefined
 579   2477827495   2654715447    42.734550    28.444116     0.341876     0.128204    False  undefined
 580   2477827498   2477827431   264.746802   176.215472     2.117974     0.794240    False  undefined
 581   2477827498   2477827454   140.813858    93.725704     1.126511     0.422442    False  undefined
 582   2477827498   5116456995    59.108057    39.342322     0.472864     0.177324    False  undefined
 583   2477827507   2477805838    72.238940    48.082238     0.577912     0.216717    False  undefined
 584   2477827507   2477805857    73.310318    48.795348     0.586483     0.219931    False  undefined
 585   2477827507   2654715448    44.221369    29.433743     0.353771     0.132664    False  undefined
 586   2477827509   2477827512    13.747293     9.150198     0.109978     0.041242    False  undefined
 587   2477827509   2477827465   121.119540    80.617166     0.968956     0.363359    False  undefined
 588   2477827509   2477827526   200.264124   133.295801     1.602113     0.600792     True  undefined
 589   2477827512   2477827509    13.747293     9.150198     0.109978     0.041242    False  undefined
 590   2477827512   2477827471   125.341218    83.427115     1.002730     0.376024    False  undefined
 591   2477827518   5116456995    94.838834    63.124728     0.758711     0.284517    False  undefined
 592   2477827518   2477827476   246.912699   164.345092     1.975302     0.740738    False  undefined
 593   2477827518   5116456986   163.723645   108.974458     1.309789     0.491171    False  undefined
 594   2477827526   2477805887   113.191345    75.340159     0.905531     0.339574    False  undefined
 595   2477827526   1237124340   231.407642   154.024927     1.851261     0.694223     True  undefined
 596   2477827526   2477827529    14.078000     9.370316     0.112624     0.042234    False  undefined
 597   2653916614   2477827173   104.799171    69.754329     0.838393     0.314398    False  undefined
 598   2653916614   5116504530    44.345883    29.516619     0.354767     0.133038    False  undefined
 599   2653916614   2477827170   149.531702    99.528301     1.196254     0.448595    False  undefined
 600   2477827529   2477805894   110.305045    73.419038     0.882440     0.330915    False  undefined
 601   2477827529   2477827512   199.408977   132.726615     1.595272     0.598227     True  undefined
 602   2477827529   2477827526    14.078000     9.370316     0.112624     0.042234    False  undefined
 603   2653916618   2477827173    69.770051    46.438946     0.558160     0.209310    False  undefined
 604   2653916618   2477827181   117.019579    77.888232     0.936157     0.351059     True  undefined
 605   2477827532   5116456986    24.114721    16.050758     0.192918     0.072344    False  undefined
 606   2477827532   2477827533   221.903079   147.698689     1.775225     0.665709    False  undefined
 607   2477827533   2477805894   159.729873   106.316204     1.277839     0.479190    False  undefined
 608   2477827533   2477827532   221.903079   147.698689     1.775225     0.665709    False  undefined
 609   2477827533   2477827535    81.839849    54.472603     0.654719     0.245520    False  undefined
 610   2477827535   2477827533    81.839849    54.472603     0.654719     0.245520    False  undefined
 611   2477827535   2302899238    76.555832    50.955562     0.612447     0.229667    False  undefined
 612   2477827535    267884948   412.416898     0.000000     3.299335     1.237251    False   passagem
 613   2654715440   1269539295    42.915541    28.564584     0.343324     0.128747    False  undefined
 614   2654715440   2654715443    41.507525    27.627409     0.332060     0.124523    False  undefined
 615   2654715440   2654715447    71.598563    47.656004     0.572789     0.214796    False  undefined
 616   2654715443   2477805838    45.165526    30.062174     0.361324     0.135497    False  undefined
 617   2654715443   2654715440    41.507525    27.627409     0.332060     0.124523    False  undefined
 618   2654715443   2654715448    71.973894    47.905824     0.575791     0.215922    False  undefined
 619   2654715447   2477827495    42.734550    28.444116     0.341876     0.128204    False  undefined
 620   2654715447   2654715440    71.598563    47.656004     0.572789     0.214796    False  undefined
 621   2654715447   2654715448    44.849532    29.851848     0.358796     0.134549    False  undefined
 622   2654715447   2654715450    72.271745    48.104073     0.578174     0.216815    False  undefined
 623   2654715448   2477827507    44.221369    29.433743     0.353771     0.132664    False  undefined
 624   2654715448   2654715443    71.973894    47.905824     0.575791     0.215922    False  undefined
 625   2654715448   2654715447    44.849532    29.851848     0.358796     0.134549    False  undefined
 626   2654715448   2654715452    72.759323    48.428605     0.582075     0.218278    False  undefined
 627   2654715450   2477805853    44.141301    29.380450     0.353130     0.132424    False  undefined
 628   2654715450   2654715447    72.271745    48.104073     0.578174     0.216815    False  undefined
 629   2654715450   2654715452    42.687493    28.412795     0.341500     0.128062    False  undefined
 630   2654715450   2654715454    71.795230    47.786905     0.574362     0.215386    False  undefined
 631   2654715452   2477805857    44.865003    29.862146     0.358920     0.134595    False  undefined
 632   2654715452   2654715448    72.759323    48.428605     0.582075     0.218278    False  undefined
 633   2654715452   2654715450    42.687493    28.412795     0.341500     0.128062    False  undefined
 634   2654715452   2654715455    71.139016    47.350129     0.569112     0.213417    False  undefined
 635   2654715454   2477805868    43.005541    28.624488     0.344044     0.129017    False  undefined
 636   2654715454   2654715450    71.795230    47.786905     0.574362     0.215386    False  undefined
 637   2654715454   2654715455    44.643583    29.714769     0.357149     0.133931    False  undefined
 638   2654715455   2477805871    44.005619    29.290140     0.352045     0.132017    False  undefined
 639   2654715455   2654715452    71.139016    47.350129     0.569112     0.213417    False  undefined
 640   2654715455   2654715454    44.643583    29.714769     0.357149     0.133931    False  undefined
 641   2898228820   2477827165   159.135913   105.920863     1.273087     0.477408    False  undefined
 642   2898228820   2477827222    43.940032    29.246485     0.351520     0.131820    False  undefined
 643   2898228820   2898228821    87.388259    58.165625     0.699106     0.262165    False  undefined
 644   2898228821   2898228820    87.388259    58.165625     0.699106     0.262165    False  undefined
 645   2898228821   2477832005    29.236568    19.459860     0.233893     0.087710     True  undefined
 646   2477831961   5116504524   157.000815   104.499743     1.256007     0.471002    False  undefined
 647   2477831961   2477831964   181.588281   120.865160     1.452706     0.544765    False  undefined
 648   2477831961   2477831965   119.832615    79.760588     0.958661     0.359498    False  undefined
 649   2477831964   2477831961   181.588281   120.865160     1.452706     0.544765    False  undefined
 650   2477831964   2477831969    38.508379    25.631177     0.308067     0.115525    False  undefined
 651   2477831964   2477831975   256.560456   170.766640     2.052484     0.769681    False  undefined
 652   2477831965   2477831969   204.257526   135.953809     1.634060     0.612773    False  undefined
 653   2477831965   2477831961   119.832615    79.760588     0.958661     0.359498    False  undefined
 654   2477831965   2477827143   173.263791   115.324380     1.386110     0.519791    False  undefined
 655   2477831969   2477831965   204.257526   135.953809     1.634060     0.612773    False  undefined
 656   2477831969   2477831964    38.508379    25.631177     0.308067     0.115525    False  undefined
 657   2477831969   2477831974   168.280210   112.007308     1.346242     0.504841    False  undefined
 658   2477831974   2477831977    13.015160     8.662890     0.104121     0.039045     True  undefined
 659   2477831974   2477831969   168.280210   112.007308     1.346242     0.504841    False  undefined
 660   2477831975   2477831978     8.104617     5.394433     0.064837     0.024314    False  undefined
 661   2477831975   2477831964   256.560456   170.766640     2.052484     0.769681    False  undefined
 662   2477831975   2477827165   165.347475   110.055280     1.322780     0.496042    False  undefined
 663   2477831977   2477827143   229.233234   152.577641     1.833866     0.687700    False  undefined
 664   2477831977   2477831983   111.496603    74.212139     0.891973     0.334490     True  undefined
 665   2477831977   2477831978    15.267414    10.161991     0.122139     0.045802    False  undefined
 666   2477831978   2477831975     8.104617     5.394433     0.064837     0.024314    False  undefined
 667   2477831978   2477831977    15.267414    10.161991     0.122139     0.045802    False  undefined
 668   2477831982   2477827155    41.921062    27.902659     0.335368     0.125763    False  undefined
 669   2477831982   2477827156    83.313293    55.453328     0.666506     0.249940    False  undefined
 670   2477831982   2477827171    58.820986    39.151248     0.470568     0.176463    False  undefined
 671   2477831982   2477827183    85.966851    57.219536     0.687735     0.257901    False  undefined
 672   2477831983   5116482163    53.352530    35.511444     0.426820     0.160058     True  undefined
 673   2477831983   2477827158   155.979088   103.819681     1.247833     0.467937    False  undefined
 674   2477831983   2477831984    16.404887    10.919093     0.131239     0.049215    False  undefined
 675   2477831984   2477827165   112.711430    75.020728     0.901691     0.338134    False  undefined
 676   2477831984   2477831978   112.908446    75.151862     0.903268     0.338725     True  undefined
 677   2477831984   2477831983    16.404887    10.919093     0.131239     0.049215    False  undefined
 678   2477831985   2477827183   119.973936    79.854652     0.959791     0.359922    False  undefined
 679   2477831985   2477831991    87.810246    58.446499     0.702482     0.263431    False  undefined
 680   2477831985   2477827156    95.216735    63.376259     0.761734     0.285650    False  undefined
 681   2477831986   5116482160     5.689793     3.787126     0.045518     0.017069    False  undefined
 682   2477831989   2477827171   142.243631    94.677360     1.137949     0.426731    False  undefined
 683   2477831989   2477831993    85.265707    56.752855     0.682126     0.255797    False  undefined
 684   2477831989   2477831997    85.016786    56.587173     0.680134     0.255050    False  undefined
 685   2477831991   5116482158    62.017765    41.279025     0.496142     0.186053    False  undefined
 686   2477831991   2477827208    77.752640    51.752158     0.622021     0.233258    False  undefined
 687   2477831991   2477831985    87.810246    58.446499     0.702482     0.263431    False  undefined
 688   2477831991   2477831996   120.960631    80.511396     0.967685     0.362882    False  undefined
 689   2477831993   2591412636    83.801695    55.778408     0.670414     0.251405    False  undefined
 690   2477831993   2477831989    85.265707    56.752855     0.682126     0.255797    False  undefined
 691   2477831993   2477831995    86.961529    57.881594     0.695692     0.260885    False  undefined
 692   2477831993   2477832000    84.954747    56.545880     0.679638     0.254864    False  undefined
 693   2477831994   2477831998    29.632936    19.723682     0.237063     0.088899    False  undefined
 694   2477831995   2591412648    86.522540    57.589403     0.692180     0.259568    False  undefined
 695   2477831995   2477831993    86.961529    57.881594     0.695692     0.260885    False  undefined
 696   2477831995   2477832008    88.401405    58.839975     0.707211     0.265204    False  undefined
 697   2477831996   2477827183    85.037880    56.601213     0.680303     0.255114    False  undefined
 698   2477831996   2477827223    82.110533    54.652771     0.656884     0.246332    False  undefined
 699   2477831996   2477831991   120.960631    80.511396     0.967685     0.362882    False  undefined
 700   2477831996   2477832010   203.338931   135.342392     1.626711     0.610017    False  undefined
 701   2477831997   2477827183   202.717316   134.928645     1.621739     0.608152    False  undefined
 702   2477831997   2477831989    85.016786    56.587173     0.680134     0.255050    False  undefined
 703   2477831997   2477832000    85.463299    56.884372     0.683706     0.256390    False  undefined
 704   2477831997   2477832010    85.688944    57.034561     0.685512     0.257067    False  undefined
 705   2477831998   2591412676    20.105926    13.382504     0.160847     0.060318    False  undefined
 706   2477831998   2477831994    29.632936    19.723682     0.237063     0.088899    False  undefined
 707   2477831998   2477832013   113.298110    75.411222     0.906385     0.339894    False  undefined
 708   2477831999   2477827208    28.000803    18.637334     0.224006     0.084002    False  undefined
 709   2477831999   2477827223    94.716781    63.043490     0.757734     0.284150    False  undefined
 710   2477831999   2477832001    33.636779    22.388640     0.269094     0.100910    False  undefined
 711   2477832000   2477831993    84.954747    56.545880     0.679638     0.254864    False  undefined
 712   2477832000   2477831997    85.463299    56.884372     0.683706     0.256390    False  undefined
 713   2477832000   2477832008    62.231171    41.421068     0.497849     0.186694    False  undefined
 714   2477832001   2591412676   153.786609   102.360367     1.230293     0.461360    False  undefined
 715   2477832001   2477827208    16.350406    10.882830     0.130803     0.049051    False  undefined
 716   2477832001   2477827237   111.852796    74.449221     0.894822     0.335558    False  undefined
 717   2477832001   2477831999    33.636779    22.388640     0.269094     0.100910    False  undefined
 718   2477832003   2477827215    37.253660    24.796036     0.298029     0.111761     True  undefined
 719   2477832003   2477832006    13.939030     9.277819     0.111512     0.041817     True  undefined
 720   2477832005   5116482162   148.095410    98.572305     1.184763     0.444286     True  undefined
 721   2477832005   2477832003    18.435327    12.270553     0.147483     0.055306     True  undefined
 722   2477832006   2477832007    18.126702    12.065133     0.145014     0.054380     True  undefined
 723   2477832006   2477832018   223.483593   148.750679     1.787869     0.670451     True  undefined
 724   2477832007   2477827225   107.687291    71.676661     0.861498     0.323062     True  undefined
 725   2477832007   2477832005    14.346877     9.549281     0.114775     0.043041     True  undefined
 726   2477832008   2477831995    88.401405    58.839975     0.707211     0.265204    False  undefined
 727   2477832008   2477832000    62.231171    41.421068     0.497849     0.186694    False  undefined
 728   2477832008       -39028    48.204956    32.085218     0.385640     0.144615    False  undefined
 729   2477832009   2477827222    76.813384    51.126988     0.614507     0.230440     True  undefined
 730   2477832009   2477827165   222.520304   148.109515     1.780162     0.667561    False  undefined
 731   2477832010   2477831996   203.338931   135.342392     1.626711     0.610017    False  undefined
 732   2477832010   2477831997    85.688944    57.034561     0.685512     0.257067    False  undefined
 733   2477832010   2477832014   119.764500    79.715251     0.958116     0.359293    False  undefined
 734   2477832010   2477832015    81.919322    54.525501     0.655355     0.245758    False  undefined
 735   2477832011   2477832009    38.180571    25.412988     0.305445     0.114542     True  undefined
 736   2477832011   2477832012    15.337582    10.208695     0.122701     0.046013    False  undefined
 737   2477832012   2661660991    32.418747    21.577918     0.259350     0.097256    False  undefined
 738   2477832012   2477827231   115.712389    77.018166     0.925699     0.347137     True  undefined
 739   2477832012   2477832011    15.337582    10.208695     0.122701     0.046013    False  undefined
 740   2477832013   2477827229    20.615639    13.721770     0.164925     0.061847     True  undefined
 741   2477832013   2477831998   113.298110    75.411222     0.906385     0.339894    False  undefined
 742   2477832014   2591412698    86.011449    57.249221     0.688092     0.258034    False  undefined
 743   2477832014   2477832010   119.764500    79.715251     0.958116     0.359293    False  undefined
 744   2477832014       -39028    41.547676    27.654133     0.332381     0.124643    False  undefined
 745   2477832015   2477827223   202.366247   134.694974     1.618930     0.607099    False  undefined
 746   2477832015   2477832010    81.919322    54.525501     0.655355     0.245758    False  undefined
 747   2477832015   2591412698    93.577582    62.285238     0.748621     0.280733    False  undefined
 748   2477832016   2477827225    86.576482    57.625306     0.692612     0.259729    False  undefined
 749   2477832016   2477827332   124.581623    82.921528     0.996653     0.373745    False  undefined
 750   2477832016   2477832017   113.351554    75.446794     0.906812     0.340055    False  undefined
 751   2477832017   2661660991    46.716047    31.094201     0.373728     0.140148    False  undefined
 752   2477832017   2477827345   123.267069    82.046561     0.986137     0.369801    False  undefined
 753   2477832017   2477832016   113.351554    75.446794     0.906812     0.340055    False  undefined
 754   2477832018   2477805825   111.544608    74.244091     0.892357     0.334634    False  undefined
 755   2477832018   2477827436   244.084368   162.462556     1.952675     0.732253     True  undefined
 756   2477832018   2477832019    14.127847     9.403495     0.113023     0.042384    False  undefined
 757   2477832019   2477827332   110.215539    73.359463     0.881724     0.330647    False  undefined
 758   2477832019   2477832007   221.796925   147.628033     1.774375     0.665391     True  undefined
 759   2477832019   2477832018    14.127847     9.403495     0.113023     0.042384    False  undefined
 760       -39032   3185224646    17.242742     0.000000     0.137942     0.051728     True   passagem
 761       -39032   2477827280    27.476748     0.000000     0.219814     0.082430     True   passagem
 762       -39030   2477827248   140.218091     0.000000     1.121745     0.420654     True   passagem
 763       -39030       -39032    13.994848     0.000000     0.111959     0.041985     True   passagem
 764       -39028   2477832008    48.204956    32.085218     0.385640     0.144615    False  undefined
 765       -39028   2477832014    41.547676    27.654133     0.332381     0.124643    False  undefined
 766       -39026    267884969  3544.902800     0.000000    28.359222    10.634708    False   passagem
