  id            u            v       length      demanda           CS           CA   oneway     status
   0   250   254    18.099584     0.000000     0.144797     0.054299    False   passagem
   1   250   252   343.493664     0.000000     2.747949     1.030481    False   passagem
   2   251   165    24.114721    16.050758     0.192918     0.072344    False  undefined
   3   251   252    15.212856     0.000000     0.121703     0.045639     True   passagem
   4   251   162   163.723645   108.974458     1.309789     0.491171    False  undefined
   5   252    6    18.504131     0.000000     0.148033     0.055512    False   passagem
   6   252   253    19.965273     0.000000     0.159722     0.059896     True   passagem
   7   252   250   343.493664     0.000000     2.747949     1.030481    False   passagem
   8   253   250   333.869863     0.000000     2.670959     1.001610     True   passagem
   9   254   250    18.099584     0.000000     0.144797     0.054299    False   passagem
  10   254   255   103.377888     0.000000     0.827023     0.310134     True   passagem
  11   254   256   467.587291     0.000000     3.740698     1.402762    False   passagem
  12   255   162    94.838834    63.124728     0.758711     0.284517    False  undefined
  13   255   158    59.108057    39.342322     0.472864     0.177324    False  undefined
  14   256   258    95.051698     0.000000     0.760414     0.285155    False   passagem
  15   256   242   159.455159     0.000000     1.275641     0.478365     True   passagem
  16   256   254   467.587291     0.000000     3.740698     1.402762    False   passagem
  17   257   104     5.043207     3.356759     0.040346     0.015130    False  undefined
  18   257   258    56.308450     0.000000     0.450468     0.168925     True   passagem
  19   257   131   262.440801   174.680597     2.099526     0.787322    False  undefined
  20   258   256    95.051698     0.000000     0.760414     0.285155    False   passagem
  21   258   106    58.713289     0.000000     0.469706     0.176140    False   passagem
  22   247   62    25.664192    17.082086     0.205314     0.076993     True  undefined
  23   247   68   184.353170   122.705470     1.474825     0.553060     True  undefined
  24   246   253    34.950167     0.000000     0.279601     0.104851     True   passagem
  25   246    6    23.683709     0.000000     0.189470     0.071051     True   passagem
  26   14   76   235.037660   156.441067     1.880301     0.705113    False  undefined
  27   14   101   116.512272    77.550568     0.932098     0.349537    False  undefined
  28   14   206   111.544608    74.244091     0.892357     0.334634    False  undefined
  29   14   135   203.929925   135.735758     1.631439     0.611790    False  undefined
  30   15   16    76.978997    51.237220     0.615832     0.230937    False  undefined
  31   15   121    14.066151     9.362430     0.112529     0.042198    False  undefined
  32   15   136   163.703098   108.960782     1.309625     0.491109     True  undefined
  33   16   15    76.978997    51.237220     0.615832     0.230937    False  undefined
  34   16   17    76.224403    50.734962     0.609795     0.228673    False  undefined
  35   16   240    37.704548    25.096147     0.301636     0.113114    False  undefined
  36   17   16    76.224403    50.734962     0.609795     0.228673    False  undefined
  37   17   19    79.464529    52.891591     0.635716     0.238394    False  undefined
  38   17   241    17.551248    11.682111     0.140410     0.052654    False  undefined
  39   18   20   167.707653   111.626214     1.341661     0.503123    False  undefined
  40   18   9    77.063833    51.293687     0.616511     0.231192    False  undefined
  41   18   10    72.832927    48.477596     0.582663     0.218499    False  undefined
  42   18   143    45.520921    30.298725     0.364167     0.136563    False  undefined
  43   19   17    79.464529    52.891591     0.635716     0.238394    False  undefined
  44   19   230    38.015921    25.303397     0.304127     0.114048    False  undefined
  45   19   155    74.735232    49.743770     0.597882     0.224206    False  undefined
  46   20   18   167.707653   111.626214     1.341661     0.503123    False  undefined
  47   20   22    78.044432    51.946374     0.624355     0.234133    False  undefined
  48   20   138    97.574692    64.945715     0.780598     0.292724    False  undefined
  49   21   22    61.884650    41.190423     0.495077     0.185654    False  undefined
  50   21   159    72.238940    48.082238     0.577912     0.216717    False  undefined
  51   21   221    45.165526    30.062174     0.361324     0.135497    False  undefined
  52   22   20    78.044432    51.946374     0.624355     0.234133    False  undefined
  53   22   21    61.884650    41.190423     0.495077     0.185654    False  undefined
  54   22   24   228.742015   152.250685     1.829936     0.686226    False  undefined
  55   23   234    26.780880    17.825354     0.214247     0.080343    False  undefined
  56   23   237    28.068797    18.682591     0.224550     0.084206    False  undefined
  57   23   224    44.141301    29.380450     0.353130     0.132424    False  undefined
  58   24   27    70.386540    46.849281     0.563092     0.211160    False  undefined
  59   24   159    73.310318    48.795348     0.586483     0.219931    False  undefined
  60   24   225    44.865003    29.862146     0.358920     0.134595    False  undefined
  61   24   22   228.742015   152.250685     1.829936     0.686226    False  undefined
  62   25   26    60.061650    39.977034     0.480493     0.180185    False  undefined
  63   25   235    48.272403    32.130112     0.386179     0.144817    False  undefined
  64   25   30    97.069752    64.609627     0.776558     0.291209    False  undefined
  65   26   25    60.061650    39.977034     0.480493     0.180185    False  undefined
  66   26   237    44.457463    29.590887     0.355660     0.133372    False  undefined
  67   26   226    43.005541    28.624488     0.344044     0.129017    False  undefined
  68   26   29    71.636961    47.681561     0.573096     0.214911    False  undefined
  69   27   24    70.386540    46.849281     0.563092     0.211160    False  undefined
  70   27   28    51.411108    34.219234     0.411289     0.154233    False  undefined
  71   27   32    73.951472    49.222100     0.591612     0.221854    False  undefined
  72   27   227    44.005619    29.290140     0.352045     0.132017    False  undefined
  73   28   27    51.411108    34.219234     0.411289     0.154233    False  undefined
  74   29   32   133.058502    88.563739     1.064468     0.399176    False  undefined
  75   29   35    74.931665    49.874516     0.599453     0.224795    False  undefined
  76   29   26    71.636961    47.681561     0.573096     0.214911    False  undefined
  77   30   276    54.096205    36.006434     0.432770     0.162289    False  undefined
  78   30   25    97.069752    64.609627     0.776558     0.291209    False  undefined
  79   30   38   130.509933    86.867412     1.044079     0.391530    False  undefined
  80   238   239   116.129202    77.295597     0.929034     0.348388    False  undefined
  81   238   200    32.418747    21.577918     0.259350     0.097256    False  undefined
  82   238   205    46.716047    31.094201     0.373728     0.140148    False  undefined
  83   239   238   116.129202    77.295597     0.929034     0.348388    False  undefined
  84   239   84    33.618405    22.376410     0.268947     0.100855    False  undefined
  85   239   128   268.005079   178.384180     2.144041     0.804015    False  undefined
  86   240   16    37.704548    25.096147     0.301636     0.113114    False  undefined
  87   240   241    73.258174    48.760640     0.586065     0.219775    False  undefined
  88   240   228    41.089937    27.349462     0.328719     0.123270    False  undefined
  89   31   276    61.224963    40.751336     0.489800     0.183675    False  undefined
  90   31   163   113.191345    75.340159     0.905531     0.339574    False  undefined
  91   31   151   285.109509   189.768889     2.280876     0.855329    False  undefined
  92   31   45   288.434368   191.981915     2.307475     0.865303    False  undefined
  93   242       2    57.096382     0.000000     0.456771     0.171289     True   passagem
  94   241   17    17.551248    11.682111     0.140410     0.052654    False  undefined
  95   241   240    73.258174    48.760640     0.586065     0.219775    False  undefined
  96   241   229    43.198438    28.752881     0.345588     0.129595    False  undefined
  97   33   153   300.161726   199.787645     2.401294     0.900485    False  undefined
  98   33   164   110.305045    73.419038     0.882440     0.330915    False  undefined
  99   33   166   159.729873   106.316204     1.277839     0.479190    False  undefined
 100   32   27    73.951472    49.222100     0.591612     0.221854    False  undefined
 101   32   29   133.058502    88.563739     1.064468     0.399176    False  undefined
 102   32   34    63.760576    42.439039     0.510085     0.191282    False  undefined
 103   32   36    73.797141    49.119377     0.590377     0.221391    False  undefined
 104   34   32    63.760576    42.439039     0.510085     0.191282    False  undefined
 105   35   29    74.931665    49.874516     0.599453     0.224795    False  undefined
 106   35   36   133.530085    88.877625     1.068241     0.400590    False  undefined
 107   35   38    75.074714    49.969729     0.600598     0.225224    False  undefined
 108   36   32    73.797141    49.119377     0.590377     0.221391    False  undefined
 109   36   35   133.530085    88.877625     1.068241     0.400590    False  undefined
 110   36   37    60.990825    40.595493     0.487927     0.182972    False  undefined
 111   36   39    73.425913    48.872288     0.587407     0.220278    False  undefined
 112   37   36    60.990825    40.595493     0.487927     0.182972    False  undefined
 113   38   39   133.758532    89.029679     1.070068     0.401276    False  undefined
 114   38   41    72.500158    48.256105     0.580001     0.217500    False  undefined
 115   38   30   130.509933    86.867412     1.044079     0.391530    False  undefined
 116   38   35    75.074714    49.969729     0.600598     0.225224    False  undefined
 117   39   36    73.425913    48.872288     0.587407     0.220278    False  undefined
 118   39   38   133.758532    89.029679     1.070068     0.401276    False  undefined
 119   39   40    71.475915    47.574369     0.571807     0.214428    False  undefined
 120   40   39    71.475915    47.574369     0.571807     0.214428    False  undefined
 121   40   42    65.486458    43.587787     0.523892     0.196459    False  undefined
 122   40   43    63.733996    42.421348     0.509872     0.191202    False  undefined
 123   41   38    72.500158    48.256105     0.580001     0.217500    False  undefined
 124   41   12    86.927995    57.859274     0.695424     0.260784    False  undefined
 125   41   279   137.850007    91.752965     1.102800     0.413550    False  undefined
 126   42   40    65.486458    43.587787     0.523892     0.196459    False  undefined
 127   43   40    63.733996    42.421348     0.509872     0.191202    False  undefined
 128   43   44    22.035043    14.666525     0.176280     0.066105    False  undefined
 129   43   249   659.553813   438.999018     5.276431     1.978661    False  undefined
 130   44   43    22.035043    14.666525     0.176280     0.066105    False  undefined
 131   44   278    50.248025    33.445085     0.401984     0.150744    False  undefined
 132   44   279    51.105605    34.015890     0.408845     0.153317    False  undefined
 133   45   11    51.555272    34.315189     0.412442     0.154666    False  undefined
 134   45   8   104.360427    69.462300     0.834883     0.313081    False  undefined
 135   45   31   288.434368   191.981915     2.307475     0.865303    False  undefined
 136    5    6   140.106655     0.000000     1.120853     0.420320    False   passagem
 137    5   246   131.546727     0.000000     1.052374     0.394640     True   passagem
 138    5   167   412.416898     0.000000     3.299335     1.237251    False   passagem
 139    6   252    18.504131     0.000000     0.148033     0.055512    False   passagem
 140    6    5   140.106655     0.000000     1.120853     0.420320    False   passagem
 141    6   165    13.799968     0.000000     0.110400     0.041400     True   passagem
 142   208   211   106.679550    71.005908     0.853436     0.320039    False  undefined
 143   208   183    83.801695    55.778408     0.670414     0.251405    False  undefined
 144   208   263   135.106000    89.926553     1.080848     0.405318    False  undefined
 145   209   210    75.228109    50.071829     0.601825     0.225684    False  undefined
 146   209   267    57.383502    38.194459     0.459068     0.172151    False  undefined
 147   209   213   131.500172    87.526514     1.052001     0.394501    False  undefined
 148   210   209    75.228109    50.071829     0.601825     0.225684    False  undefined
 149   210   212    73.903011    49.189844     0.591224     0.221709    False  undefined
 150   210   265     8.642775     5.752631     0.069142     0.025928    False  undefined
 151   211   208   106.679550    71.005908     0.853436     0.320039    False  undefined
 152   211   185    86.522540    57.589403     0.692180     0.259568    False  undefined
 153   211   263   151.195756   100.635895     1.209566     0.453587    False  undefined
 154    7   91   112.012465     0.000000     0.896100     0.336037    False   passagem
 155    7       3    83.645551     0.000000     0.669164     0.250937     True   passagem
 156    7       4  3544.902800     0.000000    28.359222    10.634708    False   passagem
 157   212   210    73.903011    49.189844     0.591224     0.221709    False  undefined
 158   213   188    20.105926    13.382504     0.160847     0.060318    False  undefined
 159   213   191   153.786609   102.360367     1.230293     0.461360    False  undefined
 160   213   209   131.500172    87.526514     1.052001     0.394501    False  undefined
 161   271   168   157.000815   104.499743     1.256007     0.471002    False  undefined
 162   272   70   114.002197    75.879862     0.912018     0.342007     True  undefined
 163   272   72    15.135578    10.074241     0.121085     0.045407    False  undefined
 164   273   55    68.441797    45.554860     0.547534     0.205325    False  undefined
 165   273   58   195.134833   129.881745     1.561079     0.585404     True  undefined
 166   274   275    53.978787    35.928281     0.431830     0.161936    False  undefined
 167   274   51   108.016488    71.895774     0.864132     0.324049    False  undefined
 168   274   218    44.345883    29.516619     0.354767     0.133038    False  undefined
 169   275   274    53.978787    35.928281     0.431830     0.161936    False  undefined
 170   276   30    54.096205    36.006434     0.432770     0.162289    False  undefined
 171   276   31    61.224963    40.751336     0.489800     0.183675    False  undefined
 172   276   277   205.283862   136.636938     1.642271     0.615852    False  undefined
 173   277   276   205.283862   136.636938     1.642271     0.615852    False  undefined
 174   214   245    39.650633    26.391461     0.317205     0.118952    False  undefined
 175   214   202    86.011449    57.249221     0.688092     0.258034    False  undefined
 176   214   203    93.577582    62.285238     0.748621     0.280733    False  undefined
 177   215   261    45.039534    29.978314     0.360316     0.135119     True  undefined
 178   9   18    77.063833    51.293687     0.616511     0.231192    False  undefined
 179   9   149    44.857670    29.857265     0.358861     0.134573    False  undefined
 180   9   157    71.301566    47.458322     0.570413     0.213905    False  undefined
 181   9   220    42.915541    28.564584     0.343324     0.128747    False  undefined
 182   216   96    19.381249     0.000000     0.155050     0.058144     True   passagem
 183   216   215    17.390792     0.000000     0.139126     0.052172     True   passagem
 184   217   91   138.606511     0.000000     1.108852     0.415820    False   passagem
 185   217   106    60.737757     0.000000     0.485902     0.182213    False   passagem
 186   217       1     0.284806     0.000000     0.002278     0.000854     True   passagem
 187   10   18    72.832927    48.477596     0.582663     0.218499    False  undefined
 188   10   132    45.321304    30.165860     0.362570     0.135964    False  undefined
 189   10   138   126.408800    84.137698     1.011270     0.379226    False  undefined
 190   11   45    51.555272    34.315189     0.412442     0.154666    False  undefined
 191   11   12    35.614076    23.704729     0.284913     0.106842    False  undefined
 192   11   249   115.569819    76.923272     0.924559     0.346709    False  undefined
 193   12   41    86.927995    57.859274     0.695424     0.260784    False  undefined
 194   12   11    35.614076    23.704729     0.284913     0.106842    False  undefined
 195   12   278   157.394586   104.761837     1.259157     0.472184    False  undefined
 196   259   260    15.127835     0.000000     0.121023     0.045384    False   passagem
 197   259   262    67.128615    44.680806     0.537029     0.201386     True  undefined
 198   260   259    15.127835     0.000000     0.121023     0.045384    False   passagem
 199   260   89    83.656540    55.681793     0.669252     0.250970     True  undefined
 200   261   260    66.329641    44.149009     0.530637     0.198989     True  undefined
 201   261   262    15.234697     0.000000     0.121878     0.045704    False   passagem
 202   262   261    15.234697     0.000000     0.121878     0.045704    False   passagem
 203   262   94    41.326910    27.507192     0.330615     0.123981     True  undefined
 204   263   264    55.640263    37.034159     0.445122     0.166921    False  undefined
 205   263   211   151.195756   100.635895     1.209566     0.453587    False  undefined
 206   263   208   135.106000    89.926553     1.080848     0.405318    False  undefined
 207   264   263    55.640263    37.034159     0.445122     0.166921    False  undefined
 208   265   210     8.642775     5.752631     0.069142     0.025928    False  undefined
 209   265   266   100.148017    66.658520     0.801184     0.300444    False  undefined
 210   265   182    62.017765    41.279025     0.496142     0.186053    False  undefined
 211   266   265   100.148017    66.658520     0.801184     0.300444    False  undefined
 212   267   209    57.383502    38.194459     0.459068     0.172151    False  undefined
 213   267   268    39.990924    26.617959     0.319927     0.119973    False  undefined
 214   267   180     5.689793     3.787126     0.045518     0.017069    False  undefined
 215   268   267    39.990924    26.617959     0.319927     0.119973    False  undefined
 216   269   270    16.953618    11.284328     0.135629     0.050861    False  undefined
 217   269   178    53.406897    35.547631     0.427255     0.160221     True  undefined
 218   270   269    16.953618    11.284328     0.135629     0.050861    False  undefined
 219   270   192   148.264589    98.684910     1.186117     0.444794     True  undefined
 220   278   44    50.248025    33.445085     0.401984     0.150744    False  undefined
 221   278   12   157.394586   104.761837     1.259157     0.472184    False  undefined
 222   278   279    21.737312    14.468355     0.173898     0.065212    False  undefined
 223   279   41   137.850007    91.752965     1.102800     0.413550    False  undefined
 224   279   44    51.105605    34.015890     0.408845     0.153317    False  undefined
 225   279   278    21.737312    14.468355     0.173898     0.065212    False  undefined
 226   248   249   157.706371   104.969360     1.261651     0.473119    False  undefined
 227   249   248   157.706371   104.969360     1.261651     0.473119    False  undefined
 228   249   11   115.569819    76.923272     0.924559     0.346709    False  undefined
 229   249   43   659.553813   438.999018     5.276431     1.978661    False  undefined
 230   228   240    41.089937    27.349462     0.328719     0.123270    False  undefined
 231   228   229    73.318125    48.800544     0.586545     0.219954    False  undefined
 232   228   132    44.060372    29.326583     0.352483     0.132181    False  undefined
 233   229   241    43.198438    28.752881     0.345588     0.129595    False  undefined
 234   229   228    73.318125    48.800544     0.586545     0.219954    False  undefined
 235   229   230    76.386455    50.842825     0.611092     0.229159    False  undefined
 236   229   143    41.283707    27.478435     0.330270     0.123851    False  undefined
 237   230   19    38.015921    25.303397     0.304127     0.114048    False  undefined
 238   230   229    76.386455    50.842825     0.611092     0.229159    False  undefined
 239   230   231    71.403690    47.526296     0.571230     0.214211    False  undefined
 240   230   149    42.252454    28.123233     0.338020     0.126757    False  undefined
 241   231   230    71.403690    47.526296     0.571230     0.214211    False  undefined
 242   231   155    15.484956    10.306786     0.123880     0.046455    False  undefined
 243   231   156    42.813038    28.496358     0.342504     0.128439    False  undefined
 244   232   233    60.426608    40.219950     0.483413     0.181280    False  undefined
 245   232   235    56.467991    37.585095     0.451744     0.169404    False  undefined
 246   232   155    48.750615    32.448410     0.390005     0.146252    False  undefined
 247   233   232    60.426608    40.219950     0.483413     0.181280    False  undefined
 248   233   234    29.110832    19.376170     0.232887     0.087332    False  undefined
 249   233   236    54.626494    36.359395     0.437012     0.163879    False  undefined
 250   234   23    26.780880    17.825354     0.214247     0.080343    False  undefined
 251   234   233    29.110832    19.376170     0.232887     0.087332    False  undefined
 252   234   157    44.926231    29.902899     0.359410     0.134779    False  undefined
 253   235   25    48.272403    32.130112     0.386179     0.144817    False  undefined
 254   235   232    56.467991    37.585095     0.451744     0.169404    False  undefined
 255   235   236    43.880611    29.206935     0.351045     0.131642    False  undefined
 256   236   233    54.626494    36.359395     0.437012     0.163879    False  undefined
 257   236   235    43.880611    29.206935     0.351045     0.131642    False  undefined
 258   236   237    29.581643    19.689542     0.236653     0.088745    False  undefined
 259   237   23    28.068797    18.682591     0.224550     0.084206    False  undefined
 260   237   26    44.457463    29.590887     0.355660     0.133372    False  undefined
 261   237   236    29.581643    19.689542     0.236653     0.088745    False  undefined
 262   245   214    39.650633    26.391461     0.317205     0.118952    False  undefined
 263   245   92    22.307807    14.848076     0.178462     0.066923     True  undefined
 264   13   8    18.470737    12.294122     0.147766     0.055412    False  undefined
 265   13   164   227.274869   151.274153     1.818199     0.681825     True  undefined
 266   13   167    76.555832    50.955562     0.612447     0.229667    False  undefined
 267   46   174   229.233234   152.577641     1.833866     0.687700    False  undefined
 268   46   52   136.902381    91.122225     1.095219     0.410707    False  undefined
 269   46   170   173.263791   115.324380     1.386110     0.519791    False  undefined
 270   47   48    26.239473    17.464993     0.209916     0.078718    False  undefined
 271   48   47    26.239473    17.464993     0.209916     0.078718    False  undefined
 272   48   58   112.886850    75.137488     0.903095     0.338661    False  undefined
 273   48   55   166.246482   110.653658     1.329972     0.498739    False  undefined
 274   49   176    41.921062    27.902659     0.335368     0.125763    False  undefined
 275   49   50    99.599822    66.293641     0.796799     0.298799    False  undefined
 276   49   56    74.640963    49.681025     0.597128     0.223923    False  undefined
 277   50   176    83.313293    55.453328     0.666506     0.249940    False  undefined
 278   50   49    99.599822    66.293641     0.796799     0.298799    False  undefined
 279   50   179    95.216735    63.376259     0.761734     0.285650    False  undefined
 280   51   54    55.688108    37.066005     0.445505     0.167064    False  undefined
 281   51   274   108.016488    71.895774     0.864132     0.324049    False  undefined
 282   51   59   159.777726   106.348054     1.278222     0.479333    False  undefined
 283   52   177   155.979088   103.819681     1.247833     0.467937    False  undefined
 284   52   66   142.083027    94.570463     1.136664     0.426249    False  undefined
 285   52   46   136.902381    91.122225     1.095219     0.410707    False  undefined
 286   53   243   159.135913   105.920863     1.273087     0.477408    False  undefined
 287   53   178   112.711430    75.020728     0.901691     0.338134    False  undefined
 288   53   173   165.347475   110.055280     1.322780     0.496042    False  undefined
 289   53   197   222.520304   148.109515     1.780162     0.667561    False  undefined
 290   54   51    55.688108    37.066005     0.445505     0.167064    False  undefined
 291   54   65    90.105229    59.974040     0.720842     0.270316    False  undefined
 292   54   57   100.889959    67.152357     0.807120     0.302670    False  undefined
 293   55   273    68.441797    45.554860     0.547534     0.205325    False  undefined
 294   55   48   166.246482   110.653658     1.329972     0.498739    False  undefined
 295   55   218   149.531702    99.528301     1.196254     0.448595    False  undefined
 296   56   176    58.820986    39.151248     0.470568     0.176463    False  undefined
 297   56   181   142.243631    94.677360     1.137949     0.426731    False  undefined
 298   56   49    74.640963    49.681025     0.597128     0.223923    False  undefined
 299   57   218   104.799171    69.754329     0.838393     0.314398    False  undefined
 300   57   219    69.770051    46.438946     0.558160     0.209310    False  undefined
 301   57   54   100.889959    67.152357     0.807120     0.302670    False  undefined
 302   57   62    97.158414    64.668641     0.777267     0.291475    False  undefined
 303   58   60    21.650899    14.410838     0.173207     0.064953    False  undefined
 304   58   48   112.886850    75.137488     0.903095     0.338661    False  undefined
 305   59   70    96.195549    64.027757     0.769564     0.288587    False  undefined
 306   59   51   159.777726   106.348054     1.278222     0.479333    False  undefined
 307   59   66   227.983745   151.745981     1.823870     0.683951    False  undefined
 308   60   58    21.650899    14.410838     0.173207     0.064953    False  undefined
 309   60   61    44.232882    29.441406     0.353863     0.132699     True  undefined
 310   60   73   126.773157    84.380213     1.014185     0.380319    False  undefined
 311   61   64   154.280301   102.688968     1.234242     0.462841     True  undefined
 312   61   102   464.381890   309.092586     3.715055     1.393146    False  undefined
 313   62   273    13.668724     9.097903     0.109350     0.041006     True  undefined
 314   62   57    97.158414    64.668641     0.777267     0.291475    False  undefined
 315   63   176    85.966851    57.219536     0.687735     0.257901    False  undefined
 316   63   179   119.973936    79.854652     0.959791     0.359922    False  undefined
 317   63   186    85.037880    56.601213     0.680303     0.255114    False  undefined
 318   63   187   202.717316   134.928645     1.621739     0.608152    False  undefined
 319   64   247    18.268103    12.159250     0.146145     0.054804     True  undefined
 320   64   95   390.393128   259.845666     3.123145     1.171179     True  undefined
 321   65   54    90.105229    59.974040     0.720842     0.270316    False  undefined
 322   65   219    63.673867    42.381326     0.509391     0.191022     True  undefined
 323   66   69    21.013353    13.986487     0.168107     0.063040    False  undefined
 324   66   52   142.083027    94.570463     1.136664     0.426249    False  undefined
 325   66   59   227.983745   151.745981     1.823870     0.683951    False  undefined
 326   67   65    22.651204    15.076641     0.181210     0.067954     True  undefined
 327   67   68    14.453276     9.620101     0.115626     0.043360    False  undefined
 328   68   67    14.453276     9.620101     0.115626     0.043360    False  undefined
 329   68   71   115.105443    76.614183     0.920844     0.345316     True  undefined
 330   68   83   153.727934   102.321313     1.229823     0.461184    False  undefined
 331   69   66    21.013353    13.986487     0.168107     0.063040    False  undefined
 332   69   74    45.987472    30.609261     0.367900     0.137962    False  undefined
 333   69   77    94.636675    62.990171     0.757093     0.283910    False  undefined
 334   70   59    96.195549    64.027757     0.769564     0.288587    False  undefined
 335   70   67   115.263774    76.719568     0.922110     0.345791     True  undefined
 336   70   71    14.761162     9.825030     0.118089     0.044283    False  undefined
 337   71   70    14.761162     9.825030     0.118089     0.044283    False  undefined
 338   71   72   114.495870    76.208451     0.915967     0.343488     True  undefined
 339   71   98   249.431191   166.021400     1.995450     0.748294    False  undefined
 340   72   272    15.135578    10.074241     0.121085     0.045407    False  undefined
 341   72   76   112.473889    74.862621     0.899791     0.337422     True  undefined
 342   72   101   240.525320   160.093653     1.924203     0.721576    False  undefined
 343   73   103   322.748394   214.821331     2.581987     0.968245    False  undefined
 344   73   60   126.773157    84.380213     1.014185     0.380319    False  undefined
 345   73   78   134.570451    89.570092     1.076564     0.403711    False  undefined
 346   74   272   113.549087    75.578272     0.908393     0.340647     True  undefined
 347   74   69    45.987472    30.609261     0.367900     0.137962    False  undefined
 348   74   76    13.611569     9.059861     0.108893     0.040835    False  undefined
 349   75   182    77.752640    51.752158     0.622021     0.233258    False  undefined
 350   75   189    28.000803    18.637334     0.224006     0.084002    False  undefined
 351   75   191    16.350406    10.882830     0.130803     0.049051    False  undefined
 352   76   14   235.037660   156.441067     1.880301     0.705113    False  undefined
 353   76   74    13.611569     9.059861     0.108893     0.040835    False  undefined
 354   76   194   117.767624    78.386130     0.942141     0.353303     True  undefined
 355   77   69    94.636675    62.990171     0.757093     0.283910    False  undefined
 356   77   74    80.045546    53.278315     0.640364     0.240137     True  undefined
 357   78   112   347.952320   231.597064     2.783619     1.043857    False  undefined
 358   78   112   347.952320   231.597064     2.783619     1.043857    False  undefined
 359   78   73   134.570451    89.570092     1.076564     0.403711    False  undefined
 360   79   81    15.425182    10.267001     0.123401     0.046276    False  undefined
 361   79   243    43.940032    29.246485     0.351520     0.131820    False  undefined
 362   79   244    78.213084    52.058629     0.625705     0.234639     True  undefined
 363   80   89    99.187493    66.019195     0.793500     0.297562    False  undefined
 364   80   186    82.110533    54.652771     0.656884     0.246332    False  undefined
 365   80   189    94.716781    63.043490     0.757734     0.284150    False  undefined
 366   80   203   202.366247   134.694974     1.618930     0.607099    False  undefined
 367   81   79    15.425182    10.267001     0.123401     0.046276    False  undefined
 368   81   200   115.168183    76.655943     0.921345     0.345505     True  undefined
 369   81   204    86.576482    57.625306     0.692612     0.259729    False  undefined
 370   82   84    15.205385    10.120704     0.121643     0.045616    False  undefined
 371   82   199   117.994011    78.536814     0.943952     0.353982     True  undefined
 372   83   247   253.971569   169.043476     2.031773     0.761915     True  undefined
 373   83   68   153.727934   102.321313     1.229823     0.461184    False  undefined
 374   84   239    33.618405    22.376410     0.268947     0.100855    False  undefined
 375   84   82    15.205385    10.120704     0.121643     0.045616    False  undefined
 376   84   86   113.370238    75.459230     0.906962     0.340111     True  undefined
 377   85   86    15.081891    10.038507     0.120655     0.045246    False  undefined
 378   85   201    92.025983    61.252494     0.736208     0.276078     True  undefined
 379   86   85    15.081891    10.038507     0.120655     0.045246    False  undefined
 380   86   88   112.527044    74.898001     0.900216     0.337581     True  undefined
 381   86   123   240.509568   160.083169     1.924077     0.721529    False  undefined
 382   87   85   110.971602    73.862698     0.887773     0.332915     True  undefined
 383   87   88    15.021414     9.998253     0.120171     0.045064    False  undefined
 384   87   191   111.852796    74.449221     0.894822     0.335558    False  undefined
 385   88   87    15.021414     9.998253     0.120171     0.045064    False  undefined
 386   88   90   116.290867    77.403201     0.930327     0.348873     True  undefined
 387   88   118   179.769434   119.654536     1.438155     0.539308    False  undefined
 388   89   80    99.187493    66.019195     0.793500     0.297562    False  undefined
 389   89   87   115.911458    77.150667     0.927292     0.347734     True  undefined
 390   89   90    14.953461     9.953023     0.119628     0.044860    False  undefined
 391   90   259    80.486492    53.571809     0.643892     0.241459     True  undefined
 392   90   89    14.953461     9.953023     0.119628     0.044860    False  undefined
 393   90   110   119.215318    79.349715     0.953723     0.357646    False  undefined
 394   91    7   112.012465     0.000000     0.896100     0.336037    False   passagem
 395   91   217   138.606511     0.000000     1.108852     0.415820    False   passagem
 396   92   215    44.241337    29.447034     0.353931     0.132724     True  undefined
 397   92   96    31.055493     0.000000     0.248444     0.093166     True   passagem
 398   93   83   125.397380    83.464496     1.003179     0.376192     True  undefined
 399   93   95    13.569126     9.031610     0.108553     0.040707    False  undefined
 400   94   216     4.361867     0.000000     0.034895     0.013086     True   passagem
 401   94   97    15.351057    10.217664     0.122808     0.046053     True  undefined
 402   95   93    13.569126     9.031610     0.108553     0.040707    False  undefined
 403   95   102   112.085622    74.604190     0.896685     0.336257    False  undefined
 404   95   114   121.937864    81.161843     0.975503     0.365814     True  undefined
 405   96   97    23.071068    15.356103     0.184569     0.069213     True  undefined
 406   96   99    40.031548     0.000000     0.320252     0.120095     True   passagem
 407   96   100    22.549300     0.000000     0.180394     0.067648     True   passagem
 408   97   110   214.499629   142.770953     1.715997     0.643499     True  undefined
 409   98   71   249.431191   166.021400     1.995450     0.748294    False  undefined
 410   98   93    29.623810    19.717608     0.236990     0.088871     True  undefined
 411   99   104    36.923903     0.000000     0.295391     0.110772     True   passagem
 412   100   104    26.295118     0.000000     0.210361     0.078885     True   passagem
 413   101   14   116.512272    77.550568     0.932098     0.349537    False  undefined
 414   101   72   240.525320   160.093653     1.924203     0.721576    False  undefined
 415   101   121   100.727590    67.044284     0.805821     0.302183    False  undefined
 416   102   95   112.085622    74.604190     0.896685     0.336257    False  undefined
 417   102   105    46.911650    31.224394     0.375293     0.140735    False  undefined
 418   102   61   464.381890   309.092586     3.715055     1.393146    False  undefined
 419   8   45   104.360427    69.462300     0.834883     0.313081    False  undefined
 420   8   13    18.470737    12.294122     0.147766     0.055412    False  undefined
 421   103   108    39.066709    26.002801     0.312534     0.117200    False  undefined
 422   103   73   322.748394   214.821331     2.581987     0.968245    False  undefined
 423   103   105   123.373269    82.117248     0.986986     0.370120    False  undefined
 424   104   257     5.043207     3.356759     0.040346     0.015130    False  undefined
 425   104   106    14.250121     0.000000     0.114001     0.042750     True   passagem
 426   105   102    46.911650    31.224394     0.375293     0.140735    False  undefined
 427   105   115    47.867608    31.860680     0.382941     0.143603    False  undefined
 428   105   103   123.373269    82.117248     0.986986     0.370120    False  undefined
 429   106   217    60.737757     0.000000     0.485902     0.182213    False   passagem
 430   106   242    14.489813     0.000000     0.115919     0.043469     True   passagem
 431   106   258    58.713289     0.000000     0.469706     0.176140    False   passagem
 432   107   109   113.884261    75.801364     0.911074     0.341653    False  undefined
 433   107   137   209.944422   139.739008     1.679555     0.629833    False  undefined
 434   107   204   124.581623    82.921528     0.996653     0.373745    False  undefined
 435   107   207   110.215539    73.359463     0.881724     0.330647    False  undefined
 436   108   103    39.066709    26.002801     0.312534     0.117200    False  undefined
 437   108   119    58.759127    39.110075     0.470073     0.176277    False  undefined
 438   108   112   105.561527    70.261752     0.844492     0.316685    False  undefined
 439   109   107   113.884261    75.801364     0.911074     0.341653    False  undefined
 440   109   133   160.616583   106.906398     1.284933     0.481850    False  undefined
 441   109   205   123.267069    82.046561     0.986137     0.369801    False  undefined
 442   110   90   119.215318    79.349715     0.953723     0.357646    False  undefined
 443   110   113    34.570318    23.010003     0.276563     0.103711     True  undefined
 444   111   98    92.887516    61.825931     0.743100     0.278663     True  undefined
 445   111   114    14.123381     9.400522     0.112987     0.042370    False  undefined
 446   112   78   347.952320   231.597064     2.783619     1.043857    False  undefined
 447   112   78   347.952320   231.597064     2.783619     1.043857    False  undefined
 448   112   108   105.561527    70.261752     0.844492     0.316685    False  undefined
 449   113   117    13.804865     9.188518     0.110439     0.041415    False  undefined
 450   113   118    88.346946    58.803727     0.706776     0.265041     True  undefined
 451   114   15    63.080505    41.986384     0.504644     0.189242     True  undefined
 452   114   111    14.123381     9.400522     0.112987     0.042370    False  undefined
 453   114   125   262.679324   174.839358     2.101435     0.788038    False  undefined
 454   115   105    47.867608    31.860680     0.382941     0.143603    False  undefined
 455   115   119   108.199949    72.017886     0.865600     0.324600    False  undefined
 456   115   125    78.585897    52.306773     0.628687     0.235758    False  undefined
 457   116   129   109.103448    72.619255     0.872828     0.327310    False  undefined
 458   116   100   236.649035   157.513598     1.893192     0.709947     True  undefined
 459   117   113    13.804865     9.188518     0.110439     0.041415    False  undefined
 460   117   116    22.699695    15.108917     0.181598     0.068099     True  undefined
 461   118   88   179.769434   119.654536     1.438155     0.539308    False  undefined
 462   118   120    15.257751    10.155559     0.122062     0.045773     True  undefined
 463   119   108    58.759127    39.110075     0.470073     0.176277    False  undefined
 464   119   115   108.199949    72.017886     0.865600     0.324600    False  undefined
 465   119   127    74.756032    49.757615     0.598048     0.224268    False  undefined
 466   120   122    12.327723     8.205333     0.098622     0.036983    False  undefined
 467   120   123   111.967317    74.525446     0.895739     0.335902     True  undefined
 468   121   15    14.066151     9.362430     0.112529     0.042198    False  undefined
 469   121   111    56.258756    37.445828     0.450070     0.168776     True  undefined
 470   121   101   100.727590    67.044284     0.805821     0.302183    False  undefined
 471   122   117   104.085824    69.279524     0.832687     0.312257     True  undefined
 472   122   120    12.327723     8.205333     0.098622     0.036983    False  undefined
 473   122   134   110.832390    73.770039     0.886659     0.332497    False  undefined
 474   123   124    22.393898    14.905379     0.179151     0.067182     True  undefined
 475   123   86   240.509568   160.083169     1.924077     0.721529    False  undefined
 476   124   126    13.852443     9.220186     0.110820     0.041557    False  undefined
 477   124   128   104.004008    69.225068     0.832032     0.312012     True  undefined
 478   125   114   262.679324   174.839358     2.101435     0.788038    False  undefined
 479   125   115    78.585897    52.306773     0.628687     0.235758    False  undefined
 480   125   127    74.880770    49.840640     0.599046     0.224642    False  undefined
 481   126   122   134.100120    89.257040     1.072801     0.402300     True  undefined
 482   126   124    13.852443     9.220186     0.110820     0.041557    False  undefined
 483   127   119    74.756032    49.757615     0.598048     0.224268    False  undefined
 484   127   125    74.880770    49.840640     0.599046     0.224642    False  undefined
 485   127   138    84.843706    56.471971     0.678750     0.254531    False  undefined
 486   128   239   268.005079   178.384180     2.144041     0.804015    False  undefined
 487   128   133   124.175436    82.651170     0.993403     0.372526     True  undefined
 488   129   116   109.103448    72.619255     0.872828     0.327310    False  undefined
 489   129   131    17.824112    11.863729     0.142593     0.053472    False  undefined
 490   129   134   124.184327    82.657088     0.993475     0.372553    False  undefined
 491   130   126    76.338182    50.810694     0.610705     0.229015     True  undefined
 492   130   147   113.155747    75.316465     0.905246     0.339467    False  undefined
 493   131   129    17.824112    11.863729     0.142593     0.053472    False  undefined
 494   131   257   262.440801   174.680597     2.099526     0.787322    False  undefined
 495   131   140   130.909194    87.133160     1.047274     0.392728    False  undefined
 496   132   10    45.321304    30.165860     0.362570     0.135964    False  undefined
 497   132   228    44.060372    29.326583     0.352483     0.132181    False  undefined
 498   132   143    73.249254    48.754703     0.585994     0.219748    False  undefined
 499   133   109   160.616583   106.906398     1.284933     0.481850    False  undefined
 500   133   137   127.012397    84.539451     1.016099     0.381037     True  undefined
 501   134   122   110.832390    73.770039     0.886659     0.332497    False  undefined
 502   134   129   124.184327    82.657088     0.993475     0.372553    False  undefined
 503   134   140    58.358193    38.843213     0.466866     0.175075    False  undefined
 504   134   147   229.301478   152.623064     1.834412     0.687904    False  undefined
 505   135   121   156.463356   104.142010     1.251707     0.469390     True  undefined
 506   135   136    14.992586     9.979065     0.119941     0.044978    False  undefined
 507   135   14   203.929925   135.735758     1.631439     0.611790    False  undefined
 508   136   135    14.992586     9.979065     0.119941     0.044978    False  undefined
 509   136   151   143.991108    95.840482     1.151929     0.431973    False  undefined
 510   136   148    79.233374    52.737734     0.633867     0.237700     True  undefined
 511   137   107   209.944422   139.739008     1.679555     0.629833    False  undefined
 512   137   139    16.680293    11.102403     0.133442     0.050041    False  undefined
 513   137   144    80.046953    53.279252     0.640376     0.240141     True  undefined
 514   138   10   126.408800    84.137698     1.011270     0.379226    False  undefined
 515   138   127    84.843706    56.471971     0.678750     0.254531    False  undefined
 516   138   20    97.574692    64.945715     0.780598     0.292724    False  undefined
 517   139   130   286.027113   190.379646     2.288217     0.858081     True  undefined
 518   139   137    16.680293    11.102403     0.133442     0.050041    False  undefined
 519   139   153   121.670303    80.983754     0.973362     0.365011    False  undefined
 520   140   134    58.358193    38.843213     0.466866     0.175075    False  undefined
 521   140   158   264.746802   176.215472     2.117974     0.794240    False  undefined
 522   140   131   130.909194    87.133160     1.047274     0.392728    False  undefined
 523   141   142    15.897646    10.581473     0.127181     0.047693    False  undefined
 524   141   144    35.826398    23.846051     0.286611     0.107479    False  undefined
 525   141   207   242.497040   161.406030     1.939976     0.727491     True  undefined
 526   142   141    15.897646    10.581473     0.127181     0.047693    False  undefined
 527   142   146    51.589437    34.337929     0.412715     0.154768    False  undefined
 528   143   18    45.520921    30.298725     0.364167     0.136563    False  undefined
 529   143   229    41.283707    27.478435     0.330270     0.123851    False  undefined
 530   143   132    73.249254    48.754703     0.585994     0.219748    False  undefined
 531   143   149    76.728094    51.070220     0.613825     0.230184    False  undefined
 532   144   141    35.826398    23.846051     0.286611     0.107479    False  undefined
 533   144   145    17.430414    11.601684     0.139443     0.052291    False  undefined
 534   145   139    62.341143    41.494264     0.498729     0.187023     True  undefined
 535   145   144    17.430414    11.601684     0.139443     0.052291    False  undefined
 536   145   152    97.789459    65.088664     0.782316     0.293368    False  undefined
 537   146   142    51.589437    34.337929     0.412715     0.154768    False  undefined
 538   146   148    16.368586    10.894931     0.130949     0.049106    False  undefined
 539   146   135    90.168669    60.016266     0.721349     0.270506     True  undefined
 540   147   130   113.155747    75.316465     0.905246     0.339467    False  undefined
 541   147   134   229.301478   152.623064     1.834412     0.687904    False  undefined
 542   147   154   312.504111   208.002737     2.500033     0.937512    False  undefined
 543   147   158   140.813858    93.725704     1.126511     0.422442    False  undefined
 544   148   146    16.368586    10.894931     0.130949     0.049106    False  undefined
 545   148   150    76.105065    50.655531     0.608841     0.228315    False  undefined
 546   149   9    44.857670    29.857265     0.358861     0.134573    False  undefined
 547   149   230    42.252454    28.123233     0.338020     0.126757    False  undefined
 548   149   143    76.728094    51.070220     0.613825     0.230184    False  undefined
 549   149   156    71.070062    47.304233     0.568560     0.213210    False  undefined
 550   150   148    76.105065    50.655531     0.608841     0.228315    False  undefined
 551   150   151    42.388963    28.214094     0.339112     0.127167    False  undefined
 552   150   152   154.893580   103.097167     1.239149     0.464681    False  undefined
 553   150   160   121.119540    80.617166     0.968956     0.363359    False  undefined
 554   151   136   143.991108    95.840482     1.151929     0.431973    False  undefined
 555   151   150    42.388963    28.214094     0.339112     0.127167    False  undefined
 556   151   155   151.904939   101.107927     1.215240     0.455715    False  undefined
 557   151   31   285.109509   189.768889     2.280876     0.855329    False  undefined
 558   152   150   154.893580   103.097167     1.239149     0.464681    False  undefined
 559   152   153    37.511871    24.967902     0.300095     0.112536    False  undefined
 560   152   145    97.789459    65.088664     0.782316     0.293368    False  undefined
 561   152   161   125.341218    83.427115     1.002730     0.376024    False  undefined
 562   153   33   300.161726   199.787645     2.401294     0.900485    False  undefined
 563   153   139   121.670303    80.983754     0.973362     0.365011    False  undefined
 564   153   152    37.511871    24.967902     0.300095     0.112536    False  undefined
 565   153   154     8.585229     5.714328     0.068682     0.025756    False  undefined
 566   154   147   312.504111   208.002737     2.500033     0.937512    False  undefined
 567   154   153     8.585229     5.714328     0.068682     0.025756    False  undefined
 568   154   162   246.912699   164.345092     1.975302     0.740738    False  undefined
 569   155   19    74.735232    49.743770     0.597882     0.224206    False  undefined
 570   155   231    15.484956    10.306786     0.123880     0.046455    False  undefined
 571   155   232    48.750615    32.448410     0.390005     0.146252    False  undefined
 572   155   151   151.904939   101.107927     1.215240     0.455715    False  undefined
 573   156   231    42.813038    28.496358     0.342504     0.128439    False  undefined
 574   156   149    71.070062    47.304233     0.568560     0.213210    False  undefined
 575   156   157    45.444432    30.247814     0.363555     0.136333    False  undefined
 576   157   9    71.301566    47.458322     0.570413     0.213905    False  undefined
 577   157   234    44.926231    29.902899     0.359410     0.134779    False  undefined
 578   157   156    45.444432    30.247814     0.363555     0.136333    False  undefined
 579   157   222    42.734550    28.444116     0.341876     0.128204    False  undefined
 580   158   140   264.746802   176.215472     2.117974     0.794240    False  undefined
 581   158   147   140.813858    93.725704     1.126511     0.422442    False  undefined
 582   158   255    59.108057    39.342322     0.472864     0.177324    False  undefined
 583   159   21    72.238940    48.082238     0.577912     0.216717    False  undefined
 584   159   24    73.310318    48.795348     0.586483     0.219931    False  undefined
 585   159   223    44.221369    29.433743     0.353771     0.132664    False  undefined
 586   160   161    13.747293     9.150198     0.109978     0.041242    False  undefined
 587   160   150   121.119540    80.617166     0.968956     0.363359    False  undefined
 588   160   163   200.264124   133.295801     1.602113     0.600792     True  undefined
 589   161   160    13.747293     9.150198     0.109978     0.041242    False  undefined
 590   161   152   125.341218    83.427115     1.002730     0.376024    False  undefined
 591   162   255    94.838834    63.124728     0.758711     0.284517    False  undefined
 592   162   154   246.912699   164.345092     1.975302     0.740738    False  undefined
 593   162   251   163.723645   108.974458     1.309789     0.491171    False  undefined
 594   163   31   113.191345    75.340159     0.905531     0.339574    False  undefined
 595   163   8   231.407642   154.024927     1.851261     0.694223     True  undefined
 596   163   164    14.078000     9.370316     0.112624     0.042234    False  undefined
 597   218   57   104.799171    69.754329     0.838393     0.314398    False  undefined
 598   218   274    44.345883    29.516619     0.354767     0.133038    False  undefined
 599   218   55   149.531702    99.528301     1.196254     0.448595    False  undefined
 600   164   33   110.305045    73.419038     0.882440     0.330915    False  undefined
 601   164   161   199.408977   132.726615     1.595272     0.598227     True  undefined
 602   164   163    14.078000     9.370316     0.112624     0.042234    False  undefined
 603   219   57    69.770051    46.438946     0.558160     0.209310    False  undefined
 604   219   62   117.019579    77.888232     0.936157     0.351059     True  undefined
 605   165   251    24.114721    16.050758     0.192918     0.072344    False  undefined
 606   165   166   221.903079   147.698689     1.775225     0.665709    False  undefined
 607   166   33   159.729873   106.316204     1.277839     0.479190    False  undefined
 608   166   165   221.903079   147.698689     1.775225     0.665709    False  undefined
 609   166   167    81.839849    54.472603     0.654719     0.245520    False  undefined
 610   167   166    81.839849    54.472603     0.654719     0.245520    False  undefined
 611   167   13    76.555832    50.955562     0.612447     0.229667    False  undefined
 612   167    5   412.416898     0.000000     3.299335     1.237251    False   passagem
 613   220   9    42.915541    28.564584     0.343324     0.128747    False  undefined
 614   220   221    41.507525    27.627409     0.332060     0.124523    False  undefined
 615   220   222    71.598563    47.656004     0.572789     0.214796    False  undefined
 616   221   21    45.165526    30.062174     0.361324     0.135497    False  undefined
 617   221   220    41.507525    27.627409     0.332060     0.124523    False  undefined
 618   221   223    71.973894    47.905824     0.575791     0.215922    False  undefined
 619   222   157    42.734550    28.444116     0.341876     0.128204    False  undefined
 620   222   220    71.598563    47.656004     0.572789     0.214796    False  undefined
 621   222   223    44.849532    29.851848     0.358796     0.134549    False  undefined
 622   222   224    72.271745    48.104073     0.578174     0.216815    False  undefined
 623   223   159    44.221369    29.433743     0.353771     0.132664    False  undefined
 624   223   221    71.973894    47.905824     0.575791     0.215922    False  undefined
 625   223   222    44.849532    29.851848     0.358796     0.134549    False  undefined
 626   223   225    72.759323    48.428605     0.582075     0.218278    False  undefined
 627   224   23    44.141301    29.380450     0.353130     0.132424    False  undefined
 628   224   222    72.271745    48.104073     0.578174     0.216815    False  undefined
 629   224   225    42.687493    28.412795     0.341500     0.128062    False  undefined
 630   224   226    71.795230    47.786905     0.574362     0.215386    False  undefined
 631   225   24    44.865003    29.862146     0.358920     0.134595    False  undefined
 632   225   223    72.759323    48.428605     0.582075     0.218278    False  undefined
 633   225   224    42.687493    28.412795     0.341500     0.128062    False  undefined
 634   225   227    71.139016    47.350129     0.569112     0.213417    False  undefined
 635   226   26    43.005541    28.624488     0.344044     0.129017    False  undefined
 636   226   224    71.795230    47.786905     0.574362     0.215386    False  undefined
 637   226   227    44.643583    29.714769     0.357149     0.133931    False  undefined
 638   227   27    44.005619    29.290140     0.352045     0.132017    False  undefined
 639   227   225    71.139016    47.350129     0.569112     0.213417    False  undefined
 640   227   226    44.643583    29.714769     0.357149     0.133931    False  undefined
 641   243   53   159.135913   105.920863     1.273087     0.477408    False  undefined
 642   243   79    43.940032    29.246485     0.351520     0.131820    False  undefined
 643   243   244    87.388259    58.165625     0.699106     0.262165    False  undefined
 644   244   243    87.388259    58.165625     0.699106     0.262165    False  undefined
 645   244   193    29.236568    19.459860     0.233893     0.087710     True  undefined
 646   168   271   157.000815   104.499743     1.256007     0.471002    False  undefined
 647   168   169   181.588281   120.865160     1.452706     0.544765    False  undefined
 648   168   170   119.832615    79.760588     0.958661     0.359498    False  undefined
 649   169   168   181.588281   120.865160     1.452706     0.544765    False  undefined
 650   169   171    38.508379    25.631177     0.308067     0.115525    False  undefined
 651   169   173   256.560456   170.766640     2.052484     0.769681    False  undefined
 652   170   171   204.257526   135.953809     1.634060     0.612773    False  undefined
 653   170   168   119.832615    79.760588     0.958661     0.359498    False  undefined
 654   170   46   173.263791   115.324380     1.386110     0.519791    False  undefined
 655   171   170   204.257526   135.953809     1.634060     0.612773    False  undefined
 656   171   169    38.508379    25.631177     0.308067     0.115525    False  undefined
 657   171   172   168.280210   112.007308     1.346242     0.504841    False  undefined
 658   172   174    13.015160     8.662890     0.104121     0.039045     True  undefined
 659   172   171   168.280210   112.007308     1.346242     0.504841    False  undefined
 660   173   175     8.104617     5.394433     0.064837     0.024314    False  undefined
 661   173   169   256.560456   170.766640     2.052484     0.769681    False  undefined
 662   173   53   165.347475   110.055280     1.322780     0.496042    False  undefined
 663   174   46   229.233234   152.577641     1.833866     0.687700    False  undefined
 664   174   177   111.496603    74.212139     0.891973     0.334490     True  undefined
 665   174   175    15.267414    10.161991     0.122139     0.045802    False  undefined
 666   175   173     8.104617     5.394433     0.064837     0.024314    False  undefined
 667   175   174    15.267414    10.161991     0.122139     0.045802    False  undefined
 668   176   49    41.921062    27.902659     0.335368     0.125763    False  undefined
 669   176   50    83.313293    55.453328     0.666506     0.249940    False  undefined
 670   176   56    58.820986    39.151248     0.470568     0.176463    False  undefined
 671   176   63    85.966851    57.219536     0.687735     0.257901    False  undefined
 672   177   270    53.352530    35.511444     0.426820     0.160058     True  undefined
 673   177   52   155.979088   103.819681     1.247833     0.467937    False  undefined
 674   177   178    16.404887    10.919093     0.131239     0.049215    False  undefined
 675   178   53   112.711430    75.020728     0.901691     0.338134    False  undefined
 676   178   175   112.908446    75.151862     0.903268     0.338725     True  undefined
 677   178   177    16.404887    10.919093     0.131239     0.049215    False  undefined
 678   179   63   119.973936    79.854652     0.959791     0.359922    False  undefined
 679   179   182    87.810246    58.446499     0.702482     0.263431    False  undefined
 680   179   50    95.216735    63.376259     0.761734     0.285650    False  undefined
 681   180   267     5.689793     3.787126     0.045518     0.017069    False  undefined
 682   181   56   142.243631    94.677360     1.137949     0.426731    False  undefined
 683   181   183    85.265707    56.752855     0.682126     0.255797    False  undefined
 684   181   187    85.016786    56.587173     0.680134     0.255050    False  undefined
 685   182   265    62.017765    41.279025     0.496142     0.186053    False  undefined
 686   182   75    77.752640    51.752158     0.622021     0.233258    False  undefined
 687   182   179    87.810246    58.446499     0.702482     0.263431    False  undefined
 688   182   186   120.960631    80.511396     0.967685     0.362882    False  undefined
 689   183   208    83.801695    55.778408     0.670414     0.251405    False  undefined
 690   183   181    85.265707    56.752855     0.682126     0.255797    False  undefined
 691   183   185    86.961529    57.881594     0.695692     0.260885    False  undefined
 692   183   190    84.954747    56.545880     0.679638     0.254864    False  undefined
 693   184   188    29.632936    19.723682     0.237063     0.088899    False  undefined
 694   185   211    86.522540    57.589403     0.692180     0.259568    False  undefined
 695   185   183    86.961529    57.881594     0.695692     0.260885    False  undefined
 696   185   196    88.401405    58.839975     0.707211     0.265204    False  undefined
 697   186   63    85.037880    56.601213     0.680303     0.255114    False  undefined
 698   186   80    82.110533    54.652771     0.656884     0.246332    False  undefined
 699   186   182   120.960631    80.511396     0.967685     0.362882    False  undefined
 700   186   198   203.338931   135.342392     1.626711     0.610017    False  undefined
 701   187   63   202.717316   134.928645     1.621739     0.608152    False  undefined
 702   187   181    85.016786    56.587173     0.680134     0.255050    False  undefined
 703   187   190    85.463299    56.884372     0.683706     0.256390    False  undefined
 704   187   198    85.688944    57.034561     0.685512     0.257067    False  undefined
 705   188   213    20.105926    13.382504     0.160847     0.060318    False  undefined
 706   188   184    29.632936    19.723682     0.237063     0.088899    False  undefined
 707   188   201   113.298110    75.411222     0.906385     0.339894    False  undefined
 708   189   75    28.000803    18.637334     0.224006     0.084002    False  undefined
 709   189   80    94.716781    63.043490     0.757734     0.284150    False  undefined
 710   189   191    33.636779    22.388640     0.269094     0.100910    False  undefined
 711   190   183    84.954747    56.545880     0.679638     0.254864    False  undefined
 712   190   187    85.463299    56.884372     0.683706     0.256390    False  undefined
 713   190   196    62.231171    41.421068     0.497849     0.186694    False  undefined
 714   191   213   153.786609   102.360367     1.230293     0.461360    False  undefined
 715   191   75    16.350406    10.882830     0.130803     0.049051    False  undefined
 716   191   87   111.852796    74.449221     0.894822     0.335558    False  undefined
 717   191   189    33.636779    22.388640     0.269094     0.100910    False  undefined
 718   192   77    37.253660    24.796036     0.298029     0.111761     True  undefined
 719   192   194    13.939030     9.277819     0.111512     0.041817     True  undefined
 720   193   269   148.095410    98.572305     1.184763     0.444286     True  undefined
 721   193   192    18.435327    12.270553     0.147483     0.055306     True  undefined
 722   194   195    18.126702    12.065133     0.145014     0.054380     True  undefined
 723   194   206   223.483593   148.750679     1.787869     0.670451     True  undefined
 724   195   81   107.687291    71.676661     0.861498     0.323062     True  undefined
 725   195   193    14.346877     9.549281     0.114775     0.043041     True  undefined
 726   196   185    88.401405    58.839975     0.707211     0.265204    False  undefined
 727   196   190    62.231171    41.421068     0.497849     0.186694    False  undefined
 728   196       3    48.204956    32.085218     0.385640     0.144615    False  undefined
 729   197   79    76.813384    51.126988     0.614507     0.230440     True  undefined
 730   197   53   222.520304   148.109515     1.780162     0.667561    False  undefined
 731   198   186   203.338931   135.342392     1.626711     0.610017    False  undefined
 732   198   187    85.688944    57.034561     0.685512     0.257067    False  undefined
 733   198   202   119.764500    79.715251     0.958116     0.359293    False  undefined
 734   198   203    81.919322    54.525501     0.655355     0.245758    False  undefined
 735   199   197    38.180571    25.412988     0.305445     0.114542     True  undefined
 736   199   200    15.337582    10.208695     0.122701     0.046013    False  undefined
 737   200   238    32.418747    21.577918     0.259350     0.097256    False  undefined
 738   200   84   115.712389    77.018166     0.925699     0.347137     True  undefined
 739   200   199    15.337582    10.208695     0.122701     0.046013    False  undefined
 740   201   82    20.615639    13.721770     0.164925     0.061847     True  undefined
 741   201   188   113.298110    75.411222     0.906385     0.339894    False  undefined
 742   202   214    86.011449    57.249221     0.688092     0.258034    False  undefined
 743   202   198   119.764500    79.715251     0.958116     0.359293    False  undefined
 744   202       3    41.547676    27.654133     0.332381     0.124643    False  undefined
 745   203   80   202.366247   134.694974     1.618930     0.607099    False  undefined
 746   203   198    81.919322    54.525501     0.655355     0.245758    False  undefined
 747   203   214    93.577582    62.285238     0.748621     0.280733    False  undefined
 748   204   81    86.576482    57.625306     0.692612     0.259729    False  undefined
 749   204   107   124.581623    82.921528     0.996653     0.373745    False  undefined
 750   204   205   113.351554    75.446794     0.906812     0.340055    False  undefined
 751   205   238    46.716047    31.094201     0.373728     0.140148    False  undefined
 752   205   109   123.267069    82.046561     0.986137     0.369801    False  undefined
 753   205   204   113.351554    75.446794     0.906812     0.340055    False  undefined
 754   206   14   111.544608    74.244091     0.892357     0.334634    False  undefined
 755   206   142   244.084368   162.462556     1.952675     0.732253     True  undefined
 756   206   207    14.127847     9.403495     0.113023     0.042384    False  undefined
 757   207   107   110.215539    73.359463     0.881724     0.330647    False  undefined
 758   207   195   221.796925   147.628033     1.774375     0.665391     True  undefined
 759   207   206    14.127847     9.403495     0.113023     0.042384    False  undefined
 760       1   245    17.242742     0.000000     0.137942     0.051728     True   passagem
 761       1   99    27.476748     0.000000     0.219814     0.082430     True   passagem
 762       2   91   140.218091     0.000000     1.121745     0.420654     True   passagem
 763       2       1    13.994848     0.000000     0.111959     0.041985     True   passagem
 764       3   196    48.204956    32.085218     0.385640     0.144615    False  undefined
 765       3   202    41.547676    27.654133     0.332381     0.124643    False  undefined
 766       4    7  3544.902800     0.000000    28.359222    10.634708    False   passagem
