  id            u            v           CA      demanda           CS       length   oneway     status
   0   5116456985   5116456992     0.054299     0.000000     0.144797    18.099584    False   passagem
   1   5116456985   5116456988     1.030481     0.000000     2.747949   343.493664    False   passagem
   2   5116456986   2477827532     0.072344   228.629382     0.192918    24.114721    False    servico
   3   5116456986   5116456988     0.045639     0.000000     0.121703    15.212856     True   passagem
   4   5116456986   2477827518     0.491171    10.125677     1.309789   163.723645    False    servico
   5   5116456988    267884952     0.055512     0.000000     0.148033    18.504131    False   passagem
   6   5116456988   5116456990     0.059896     0.000000     0.159722    19.965273     True   passagem
   7   5116456988   5116456985     1.030481     0.000000     2.747949   343.493664    False   passagem
   8   5116456990   5116456985     1.001610     0.000000     2.670959   333.869863     True   passagem
   9   5116456992   5116456985     0.054299     0.000000     0.144797    18.099584    False   passagem
  10   5116456992   5116456995     0.310134     0.000000     0.827023   103.377888     True   passagem
  11   5116456992   5116457002     1.402762     0.000000     3.740698   467.587291    False   passagem
  12   5116456995   2477827518     0.284517   311.226101     0.758711    94.838834    False    servico
  13   5116456995   2477827498     0.177324    63.124728     0.472864    59.108057    False    servico
  14   5116457002   5116457006     0.285155     0.000000     0.760414    95.051698    False   passagem
  15   5116457002   2809708868     0.478365     0.000000     1.275641   159.455159     True   passagem
  16   5116457002   5116456992     1.402762     0.000000     3.740698   467.587291    False   passagem
  17   5116457003   2477827324     0.015130   311.226101     0.040346     5.043207    False    servico
  18   5116457003   5116457006     0.168925     0.000000     0.450468    56.308450     True   passagem
  19   5116457003   2477827400     0.787322    37.478905     2.099526   262.440801    False    servico
  20   5116457006   5116457002     0.285155     0.000000     0.760414    95.051698    False   passagem
  21   5116457006   2477827329     0.176140     0.000000     0.469706    58.713289    False   passagem
  22   4016382081   2477827181     0.094197     0.000000     0.251193    31.399096    False   passagem
  23   4016382081   2477827196     0.553060    20.899238     1.474825   184.353170     True    servico
  24   3317160159   5116456990     0.104851     0.000000     0.279601    34.950167     True   passagem
  25   3317160159    267884952     0.071051     0.000000     0.189470    23.683709     True   passagem
  26   2477805825   2477827211     0.705113    15.763876     1.880301   235.037660    False    servico
  27   2477805825   2477827300     0.349537   156.441067     0.932098   116.512272    False    servico
  28   2477805825   2477832018     0.334634    77.550568     0.892357   111.544608    False    servico
  29   2477805825   2477827408     0.611790    74.244091     1.631439   203.929925    False    servico
  30   2477805826   2477805827     0.230937   135.735758     0.615832    76.978997    False    servico
  31   2477805826   2477827380     0.042198    51.237220     0.112529    14.066151    False    servico
  32   2477805826   2477827418     0.491109     9.362430     1.309625   163.703098     True    servico
  33   2477805827   2477805826     0.230937   108.960782     0.615832    76.978997    False    servico
  34   2477805827   2477805829     0.228673    51.237220     0.609795    76.224403    False    servico
  35   2477805827   2661660993     0.113114    50.734962     0.301636    37.704548    False    servico
  36   2477805829   2477805827     0.228673    25.096147     0.609795    76.224403    False    servico
  37   2477805829   2477805833     0.238394    50.734962     0.635716    79.464529    False    servico
  38   2477805829   2661660994     0.052654    52.891591     0.140410    17.551248    False    servico
  39   2477805832   2477805836     0.503123    11.682111     1.341661   167.707653    False    servico
  40   2477805832   1269539295     0.231192   111.626214     0.616511    77.063833    False    servico
  41   2477805832   1269539343     0.218499    51.293687     0.582663    72.832927    False    servico
  42   2477805832   2477827439     0.136563    48.477596     0.364167    45.520921    False    servico
  43   2477805833   2477805829     0.238394    30.298725     0.635716    79.464529    False    servico
  44   2477805833   2654864289     0.114048    52.891591     0.304127    38.015921    False    servico
  45   2477805833   2477827480     0.224206    25.303397     0.597882    74.735232    False    servico
  46   2477805836   2477805832     0.503123    49.743770     1.341661   167.707653    False    servico
  47   2477805836   2477805840     0.234133   111.626214     0.624355    78.044432    False    servico
  48   2477805836   2477827423     0.292724    51.946374     0.780598    97.574692    False    servico
  49   2477805838   2477805840     0.185654    64.945715     0.495077    61.884650    False    servico
  50   2477805838   2477827507     0.216717    41.190423     0.577912    72.238940    False    servico
  51   2477805838   2654715443     0.135497    48.082238     0.361324    45.165526    False    servico
  52   2477805840   2477805836     0.234133    30.062174     0.624355    78.044432    False    servico
  53   2477805840   2477805838     0.185654    51.946374     0.495077    61.884650    False    servico
  54   2477805840   2477805857     0.686226    41.190423     1.829936   228.742015    False    servico
  55   2477805853   2654864293     0.080343   152.250685     0.214247    26.780880    False    servico
  56   2477805853   2654864296     0.084206    17.825354     0.224550    28.068797    False    servico
  57   2477805853   2654715450     0.132424    18.682591     0.353130    44.141301    False    servico
  58   2477805857   2477805871     0.211160    29.380450     0.563092    70.386540    False    servico
  59   2477805857   2477827507     0.219931    46.849281     0.586483    73.310318    False    servico
  60   2477805857   2654715452     0.134595    48.795348     0.358920    44.865003    False    servico
  61   2477805857   2477805840     0.686226    29.862146     1.829936   228.742015    False    servico
  62   2477805862   2477805868     0.180185   152.250685     0.480493    60.061650    False    servico
  63   2477805862   2654864294     0.144817    39.977034     0.386179    48.272403    False    servico
  64   2477805862   2477805883     0.291209    32.130112     0.776558    97.069752    False    servico
  65   2477805868   2477805862     0.180185    64.609627     0.480493    60.061650    False    servico
  66   2477805868   2654864296     0.133372    39.977034     0.355660    44.457463    False    servico
  67   2477805868   2654715454     0.129017    29.590887     0.344044    43.005541    False    servico
  68   2477805868   2477805882     0.214911    28.624488     0.573096    71.636961    False    servico
  69   2477805871   2477805857     0.211160    47.681561     0.563092    70.386540    False    servico
  70   2477805871   2477805877     0.154233    46.849281     0.411289    51.411108    False    servico
  71   2477805871   2477805889     0.221854    34.219234     0.591612    73.951472    False    servico
  72   2477805871   2654715455     0.132017    49.222100     0.352045    44.005619    False    servico
  73   2477805877   2477805871     0.154233    29.290140     0.411289    51.411108    False    servico
  74   2477805882   2477805889     0.399176    34.219234     1.064468   133.058502    False    servico
  75   2477805882   2477805902     0.224795    88.563739     0.599453    74.931665    False    servico
  76   2477805882   2477805868     0.214911    49.874516     0.573096    71.636961    False    servico
  77   2477805883   5116504533     0.162289    47.681561     0.432770    54.096205    False    servico
  78   2477805883   2477805862     0.291209    36.006434     0.776558    97.069752    False    servico
  79   2477805883   2477805911     0.391530    64.609627     1.044079   130.509933    False    servico
  80   2661660991   2661660992     0.348388    86.867412     0.929034   116.129202    False    servico
  81   2661660991   2477832012     0.097256    77.295597     0.259350    32.418747    False    servico
  82   2661660991   2477832017     0.140148    21.577918     0.373728    46.716047    False    servico
  83   2661660992   2661660991     0.348388    31.094201     0.929034   116.129202    False    servico
  84   2661660992   2477827231     0.100855    77.295597     0.268947    33.618405    False    servico
  85   2661660992   2477827394     0.804015    22.376410     2.144041   268.005079    False    servico
  86   2661660993   2477805827     0.113114   178.384180     0.301636    37.704548    False    servico
  87   2661660993   2661660994     0.219775    25.096147     0.586065    73.258174    False    servico
  88   2661660993   2654864287     0.123270    48.760640     0.328719    41.089937    False    servico
  89   2477805887   5116504533     0.183675    27.349462     0.489800    61.224963    False    servico
  90   2477805887   2477827526     0.339574    40.751336     0.905531   113.191345    False    servico
  91   2477805887   2477827468     0.855329    75.340159     2.280876   285.109509    False    servico
  92   2477805887   2477805956     0.865303   189.768889     2.307475   288.434368    False    servico
  93   2809708868       -39030     0.171289     0.000000     0.456771    57.096382     True   passagem
  94   2661660994   2477805829     0.052654    38.003352     0.140410    17.551248    False    servico
  95   2661660994   2661660993     0.219775    11.682111     0.586065    73.258174    False    servico
  96   2661660994   2654864288     0.129595    48.760640     0.345588    43.198438    False    servico
  97   2477805894   2477827473     0.900485    28.752881     2.401294   300.161726    False    servico
  98   2477805894   2477827529     0.330915   199.787645     0.882440   110.305045    False    servico
  99   2477805894   2477827533     0.479190    73.419038     1.277839   159.729873    False    servico
 100   2477805889   2477805871     0.221854   106.316204     0.591612    73.951472    False    servico
 101   2477805889   2477805882     0.399176    49.222100     1.064468   133.058502    False    servico
 102   2477805889   2477805896     0.191282    88.563739     0.510085    63.760576    False    servico
 103   2477805889   2477805906     0.221391    42.439039     0.590377    73.797141    False    servico
 104   2477805896   2477805889     0.191282    49.119377     0.510085    63.760576    False    servico
 105   2477805902   2477805882     0.224795    42.439039     0.599453    74.931665    False    servico
 106   2477805902   2477805906     0.400590    49.874516     1.068241   133.530085    False    servico
 107   2477805902   2477805911     0.225224    88.877625     0.600598    75.074714    False    servico
 108   2477805906   2477805889     0.221391    49.969729     0.590377    73.797141    False    servico
 109   2477805906   2477805902     0.400590    49.119377     1.068241   133.530085    False    servico
 110   2477805906   2477805910     0.182972    88.877625     0.487927    60.990825    False    servico
 111   2477805906   2477805919     0.220278    40.595493     0.587407    73.425913    False    servico
 112   2477805910   2477805906     0.182972    48.872288     0.487927    60.990825    False    servico
 113   2477805911   2477805919     0.401276    40.595493     1.070068   133.758532    False    servico
 114   2477805911   2477805935     0.217500    89.029679     0.580001    72.500158    False    servico
 115   2477805911   2477805883     0.391530    48.256105     1.044079   130.509933    False    servico
 116   2477805911   2477805902     0.225224    86.867412     0.600598    75.074714    False    servico
 117   2477805919   2477805906     0.220278    49.969729     0.587407    73.425913    False    servico
 118   2477805919   2477805911     0.401276    48.872288     1.070068   133.758532    False    servico
 119   2477805919   2477805929     0.214428    89.029679     0.571807    71.475915    False    servico
 120   2477805929   2477805919     0.214428    47.574369     0.571807    71.475915    False    servico
 121   2477805929   2477805937     0.196459    47.574369     0.523892    65.486458    False    servico
 122   2477805929   2477805946     0.191202    43.587787     0.509872    63.733996    False    servico
 123   2477805935   2477805911     0.217500    42.421348     0.580001    72.500158    False    servico
 124   2477805935   1269539418     0.260784    48.256105     0.695424    86.927995    False    servico
 125   2477805935   5116504697     0.413550    57.859274     1.102800   137.850007    False    servico
 126   2477805937   2477805929     0.196459    91.752965     0.523892    65.486458    False    servico
 127   2477805946   2477805929     0.191202    43.587787     0.509872    63.733996    False    servico
 128   2477805946   2477805947     0.066105    42.421348     0.176280    22.035043    False    servico
 129   2477805946   4240251686     1.982186    14.666525     5.285830   660.728722    False    servico
 130   2477805947   2477805946     0.066105   439.781037     0.176280    22.035043    False    servico
 131   2477805947   5116504696     0.150744    14.666525     0.401984    50.248025    False    servico
 132   2477805947   5116504697     0.153317    33.445085     0.408845    51.105605    False    servico
 133   2477805956   1269539400     0.154666    34.015890     0.412442    51.555272    False    servico
 134   2477805956   1237124340     0.313081    34.315189     0.834883   104.360427    False    servico
 135   2477805956   2477805887     0.865303    69.462300     2.307475   288.434368    False    servico
 136    267884948    267884952     0.420320     0.000000     1.120853   140.106655    False   passagem
 137    267884948   3317160159     0.394640     0.000000     1.052374   131.546727     True   passagem
 138    267884948   2477827535     1.237251     0.000000     3.299335   412.416898    False   passagem
 139    267884952   5116456988     0.055512     0.000000     0.148033    18.504131    False   passagem
 140    267884952    267884948     0.420320     0.000000     1.120853   140.106655    False   passagem
 141    267884952   2477827532     0.041400     0.000000     0.110400    13.799968     True   passagem
 142   2591412636   2591412648     0.320039     9.185259     0.853436   106.679550    False    servico
 143   2591412636   2477831993     0.251405    71.005908     0.670414    83.801695    False    servico
 144   2591412636   5116482156     0.405318    55.778408     1.080848   135.106000    False    servico
 145   2591412644   2591412646     0.225684    89.926553     0.601825    75.228109    False    servico
 146   2591412644   5116482160     0.172151    50.071829     0.459068    57.383502    False    servico
 147   2591412644   2591412676     0.394501    38.194459     1.052001   131.500172    False    servico
 148   2591412646   2591412644     0.225684    87.526514     0.601825    75.228109    False    servico
 149   2591412646   2591412672     0.221709    50.071829     0.591224    73.903011    False    servico
 150   2591412646   5116482158     0.025928    49.189844     0.069142     8.642775    False    servico
 151   2591412648   2591412636     0.320039     5.752631     0.853436   106.679550    False    servico
 152   2591412648   2477831995     0.259568    71.005908     0.692180    86.522540    False    servico
 153   2591412648   5116482156     0.453587    57.589403     1.209566   151.195756    False    servico
 154    267884969   2477827248     0.336037     0.000000     0.896100   112.012465    False   passagem
 155    267884969       -39028     0.250937     0.000000     0.669164    83.645551     True   passagem
 156    267884969       -39026    10.634708     0.000000    28.359222  3544.902800    False   passagem
 157   2591412672   2591412646     0.221709  2359.487303     0.591224    73.903011    False    servico
 158   2591412676   2477831998     0.060318    49.189844     0.160847    20.105926    False    servico
 159   2591412676   2477832001     0.461360    13.382504     1.230293   153.786609    False    servico
 160   2591412676   2591412644     0.394501   102.360367     1.052001   131.500172    False    servico
 161   5116504524   2477831961     0.471002    87.526514     1.256007   157.000815    False    servico
 162   5116504527   2477827199     0.342006   104.499743     0.912017   114.002157     True    servico
 163   5116504527   2477827203     0.034718     0.000000     0.092582    11.572781    False   passagem
 164   5116504530   5116504531     0.161936     7.702843     0.431830    53.978787    False    servico
 165   5116504530   2477827157     0.324049    35.928281     0.864132   108.016488    False    servico
 166   5116504530   2653916614     0.133038    71.895774     0.354767    44.345883    False    servico
 167   5116504531   5116504530     0.161936    29.516619     0.431830    53.978787    False    servico
 168   5116504533   2477805883     0.162289    35.928281     0.432770    54.096205    False    servico
 169   5116504533   2477805887     0.183675    36.006434     0.489800    61.224963    False    servico
 170   5116504533   5116504534     0.615852    40.751336     1.642271   205.283862    False    servico
 171   5116504534   5116504533     0.615852   136.636938     1.642271   205.283862    False    servico
 172   2591412698   3185224646     0.118952   136.636938     0.317205    39.650633    False    servico
 173   2591412698   2477832014     0.258034    26.391461     0.688092    86.011449    False    servico
 174   2591412698   2477832015     0.280733    57.249221     0.748621    93.577582    False    servico
 175   2591412700   5116482154     0.141223    62.285238     0.376596    47.074479     True    servico
 176   1269539295   2477805832     0.231192    31.332773     0.616511    77.063833    False    servico
 177   1269539295   2477827462     0.134573    51.293687     0.358861    44.857670    False    servico
 178   1269539295   2477827495     0.213905    29.857265     0.570413    71.301566    False    servico
 179   1269539295   2654715440     0.128747    47.458322     0.343324    42.915541    False    servico
 180   2591412706   2477827265     0.058144     0.000000     0.155050    19.381249     True   passagem
 181   2591412706   2591412700     0.041587     0.000000     0.110900    13.862452     True   passagem
 182   2591412708   2477827248     0.415820     0.000000     1.108852   138.606511    False   passagem
 183   2591412708   2477827329     0.182213     0.000000     0.485902    60.737757    False   passagem
 184   2591412708       -39032     0.000854     0.000000     0.002278     0.284806     True   passagem
 185   1269539343   2477805832     0.218499     0.189567     0.582663    72.832927    False    servico
 186   1269539343   2477827402     0.135964    48.477596     0.362570    45.321304    False    servico
 187   1269539343   2477827423     0.379226    30.165860     1.011270   126.408800    False    servico
 188   1269539400   2477805956     0.154666    84.137698     0.412442    51.555272    False    servico
 189   1269539400   1269539418     0.106842    34.315189     0.284913    35.614076    False    servico
 190   1269539400   4240251686     0.346709    23.704729     0.924559   115.569819    False    servico
 191   1269539418   2477805935     0.260784    76.923272     0.695424    86.927995    False    servico
 192   1269539418   1269539400     0.106842    57.859274     0.284913    35.614076    False    servico
 193   1269539418   5116504696     0.472184    23.704729     1.259157   157.394586    False    servico
 194   5116482152   5116482153     0.034659     0.000000     0.092423    11.552905    False   passagem
 195   5116482152   5116482155     0.201386     7.689613     0.537029    67.128615     True    servico
 196   5116482153   5116482152     0.034659     0.000000     0.092423    11.552905    False   passagem
 197   5116482153   2477827242     0.244398     7.689613     0.651728    81.466052     True    servico
 198   5116482154   5116482153     0.199458    54.223804     0.531888    66.486056     True    servico
 199   5116482154   5116482155     0.035851     0.000000     0.095601    11.950180    False   passagem
 200   5116482155   5116482154     0.035851     0.000000     0.095601    11.950180    False   passagem
 201   5116482155   2477827258     0.123981     7.954040     0.330615    41.326910     True    servico
 202   5116482156   5116482157     0.166921    27.507192     0.445122    55.640263    False    servico
 203   5116482156   2591412648     0.453587    37.034159     1.209566   151.195756    False    servico
 204   5116482156   2591412636     0.405318   100.635895     1.080848   135.106000    False    servico
 205   5116482157   5116482156     0.166921    89.926553     0.445122    55.640263    False    servico
 206   5116482158   2591412646     0.025928    37.034159     0.069142     8.642775    False    servico
 207   5116482158   5116482159     0.300444     5.752631     0.801184   100.148017    False    servico
 208   5116482158   2477831991     0.186053    66.658520     0.496142    62.017765    False    servico
 209   5116482159   5116482158     0.300444    41.279025     0.801184   100.148017    False    servico
 210   5116482160   2591412644     0.172151    66.658520     0.459068    57.383502    False    servico
 211   5116482160   5116482161     0.119973    38.194459     0.319927    39.990924    False    servico
 212   5116482160   2477831986     0.017069    26.617959     0.045518     5.689793    False    servico
 213   5116482161   5116482160     0.119973     3.787126     0.319927    39.990924    False    servico
 214   5116482162   5116482163     0.050861     0.000000     0.135629    16.953618    False   passagem
 215   5116482162   2477831984     0.160221    11.284328     0.427255    53.406897     True    servico
 216   5116482163   5116482162     0.050861     0.000000     0.135629    16.953618    False   passagem
 217   5116482163   2477832003     0.455447    11.284328     1.214527   151.815826     True    servico
 218   5116504696   2477805947     0.150744   101.048614     0.401984    50.248025    False    servico
 219   5116504696   1269539418     0.472184    33.445085     1.259157   157.394586    False    servico
 220   5116504696   5116504697     0.065212   104.761837     0.173898    21.737312    False    servico
 221   5116504697   2477805935     0.413550    14.468355     1.102800   137.850007    False    servico
 222   5116504697   2477805947     0.153317    91.752965     0.408845    51.105605    False    servico
 223   5116504697   5116504696     0.065212    34.015890     0.173898    21.737312    False    servico
 224   4240251684   4240251686     0.473119    14.468355     1.261651   157.706371    False    servico
 225   4240251686   4240251684     0.473119   104.969360     1.261651   157.706371    False    servico
 226   4240251686   1269539400     0.346709   104.969360     0.924559   115.569819    False    servico
 227   4240251686   2477805946     1.982186    76.923272     5.285830   660.728722    False    servico
 228   2654864287   2661660993     0.123270   439.781037     0.328719    41.089937    False    servico
 229   2654864287   2654864288     0.219954    27.349462     0.586545    73.318125    False    servico
 230   2654864287   2477827402     0.132181    48.800544     0.352483    44.060372    False    servico
 231   2654864288   2661660994     0.129595    29.326583     0.345588    43.198438    False    servico
 232   2654864288   2654864287     0.219954    28.752881     0.586545    73.318125    False    servico
 233   2654864288   2654864289     0.229159    48.800544     0.611092    76.386455    False    servico
 234   2654864288   2477827439     0.123851    50.842825     0.330270    41.283707    False    servico
 235   2654864289   2477805833     0.114048    27.478435     0.304127    38.015921    False    servico
 236   2654864289   2654864288     0.229159    25.303397     0.611092    76.386455    False    servico
 237   2654864289   2654864290     0.214211    50.842825     0.571230    71.403690    False    servico
 238   2654864289   2477827462     0.126757    47.526296     0.338020    42.252454    False    servico
 239   2654864290   2654864289     0.214211    28.123233     0.571230    71.403690    False    servico
 240   2654864290   2477827480     0.046455    47.526296     0.123880    15.484956    False    servico
 241   2654864290   2477827486     0.128439    10.306786     0.342504    42.813038    False    servico
 242   2654864291   2654864292     0.181280    28.496358     0.483413    60.426608    False    servico
 243   2654864291   2654864294     0.169404    40.219950     0.451744    56.467991    False    servico
 244   2654864291   2477827480     0.146252    37.585095     0.390005    48.750615    False    servico
 245   2654864292   2654864291     0.181280    32.448410     0.483413    60.426608    False    servico
 246   2654864292   2654864293     0.087332    40.219950     0.232887    29.110832    False    servico
 247   2654864292   2654864295     0.163879    19.376170     0.437012    54.626494    False    servico
 248   2654864293   2477805853     0.080343    36.359395     0.214247    26.780880    False    servico
 249   2654864293   2654864292     0.087332    17.825354     0.232887    29.110832    False    servico
 250   2654864293   2477827495     0.134779    19.376170     0.359410    44.926231    False    servico
 251   2654864294   2477805862     0.144817    29.902899     0.386179    48.272403    False    servico
 252   2654864294   2654864291     0.169404    32.130112     0.451744    56.467991    False    servico
 253   2654864294   2654864295     0.131642    37.585095     0.351045    43.880611    False    servico
 254   2654864295   2654864292     0.163879    29.206935     0.437012    54.626494    False    servico
 255   2654864295   2654864294     0.131642    36.359395     0.351045    43.880611    False    servico
 256   2654864295   2654864296     0.088745    29.206935     0.236653    29.581643    False    servico
 257   2654864296   2477805853     0.084206    19.689542     0.224550    28.068797    False    servico
 258   2654864296   2477805868     0.133372    18.682591     0.355660    44.457463    False    servico
 259   2654864296   2654864295     0.088745    29.590887     0.236653    29.581643    False    servico
 260   3185224646   2591412698     0.118952    19.689542     0.317205    39.650633    False    servico
 261   3185224646   2477827249     0.063755    26.391461     0.170012    21.251546     True    servico
 262   2302899238   1237124340     0.055412    14.145029     0.147766    18.470737    False    servico
 263   2302899238   2477827529     0.681825    12.294122     1.818199   227.274869     True    servico
 264   2302899238   2477827535     0.229667   151.274153     0.612447    76.555832    False    servico
 265   2477827143   2477831977     0.687700    50.955562     1.833866   229.233234    False    servico
 266   2477827143   2477827158     0.410707   152.577641     1.095219   136.902381    False    servico
 267   2477827143   2477831965     0.519791    91.122225     1.386110   173.263791    False    servico
 268   2477827144   2477827148     0.078718   115.324380     0.209916    26.239473    False    servico
 269   2477827148   2477827144     0.078718    17.464993     0.209916    26.239473    False    servico
 270   2477827148   2477827174     0.349466    17.464993     0.931908   116.488509    False    servico
 271   2477827148   2477827170     0.498739    77.534752     1.329972   166.246482    False    servico
 272   2477827155   2477831982     0.125763   110.653658     0.335368    41.921062    False    servico
 273   2477827155   2477827156     0.298799    27.902659     0.796799    99.599822    False    servico
 274   2477827155   2477827171     0.223923    66.293641     0.597128    74.640963    False    servico
 275   2477827156   2477831982     0.249940    49.681025     0.666506    83.313293    False    servico
 276   2477827156   2477827155     0.298799    55.453328     0.796799    99.599822    False    servico
 277   2477827156   2477831985     0.285650    66.293641     0.761734    95.216735    False    servico
 278   2477827157   2477827167     0.167064    63.376259     0.445505    55.688108    False    servico
 279   2477827157   5116504530     0.324049    37.066005     0.864132   108.016488    False    servico
 280   2477827157   2477827176     0.479333    71.895774     1.278222   159.777726    False    servico
 281   2477827158   2477831983     0.467937   106.348054     1.247833   155.979088    False    servico
 282   2477827158   2477827192     0.426249   103.819681     1.136664   142.083027    False    servico
 283   2477827158   2477827143     0.410707    94.570463     1.095219   136.902381    False    servico
 284   2477827165   2898228820     0.477408    91.122225     1.273087   159.135913    False    servico
 285   2477827165   2477831984     0.338134   105.920863     0.901691   112.711430    False    servico
 286   2477827165   2477831975     0.496042    75.020728     1.322780   165.347475    False    servico
 287   2477827165   2477832009     0.678341   110.055280     1.808909   226.113637    False    servico
 288   2477827167   2477827157     0.167064   150.501237     0.445505    55.688108    False    servico
 289   2477827167   2477827190     0.280989    37.066005     0.749305    93.663126    False    servico
 290   2477827167   2477827173     0.302670    62.342177     0.807120   100.889959    False    servico
 291   2477827170   2477827181     0.224152    67.152357     0.597738    74.717261    False    servico
 292   2477827170   2477827148     0.498739    49.731809     1.329972   166.246482    False    servico
 293   2477827170   2653916614     0.448595   110.653658     1.196254   149.531702    False    servico
 294   2477827171   2477831982     0.176463    99.528301     0.470568    58.820986    False    servico
 295   2477827171   2477831989     0.426731    39.151248     1.137949   142.243631    False    servico
 296   2477827171   2477827155     0.223923    94.677360     0.597128    74.640963    False    servico
 297   2477827173   2653916614     0.314398    49.681025     0.838393   104.799171    False    servico
 298   2477827173   2653916618     0.219581    69.754329     0.585550    73.193741    False    servico
 299   2477827173   2477827167     0.302670    48.717754     0.807120   100.889959    False    servico
 300   2477827173   2477827181     0.317281    67.152357     0.846084   105.760483    False    servico
 301   2477827174   2477827177     0.054905    70.394177     0.146413    18.301621    False    servico
 302   2477827174   2477827148     0.349466    12.181559     0.931908   116.488509    False    servico
 303   2477827176   2477827199     0.299254    77.534752     0.798010    99.751257    False    servico
 304   2477827176   2477827157     0.479333    66.394436     1.278222   159.777726    False    servico
 305   2477827176   2477827192     0.683951   106.348054     1.823870   227.983745    False    servico
 306   2477827177   2477827174     0.054905   151.745981     0.146413    18.301621    False    servico
 307   2477827177   2477827180     0.132699    12.181559     0.353863    44.232882     True    servico
 308   2477827177   2477827205     0.380319    29.441406     1.014185   126.773157    False    servico
 309   2477827180       -39052     0.057663    84.380213     0.153767    19.220850     True    servico
 310   2477827180   2477827314     1.393146    12.793398     3.715055   464.381890    False    servico
 311   2477827181   4016382081     0.094197     0.000000     0.251193    31.399096    False   passagem
 312   2477827181   2477827170     0.224152    20.899238     0.597738    74.717261    False    servico
 313   2477827181   2477827185     0.047679     0.000000     0.127145    15.893110    False   passagem
 314   2477827181   2477827173     0.317281    10.578454     0.846084   105.760483    False    servico
 315   2477827181       -39050     0.373704    70.394177     0.996544   124.568040     True    servico
 316   2477827183   2477831982     0.257901    82.912488     0.687735    85.966851    False    servico
 317   2477827183   2477831985     0.359922    57.219536     0.959791   119.973936    False    servico
 318   2477827183   2477831996     0.255114    79.854652     0.680303    85.037880    False    servico
 319   2477827183   2477831997     0.608152    56.601213     1.621739   202.717316    False    servico
 320   2477827185   4016382081     0.054804   134.928645     0.146145    18.268103     True    servico
 321   2477827185   2477827181     0.047679     0.000000     0.127145    15.893110    False   passagem
 322   2477827185   2477827260     1.171179    10.578454     3.123145   390.393128     True    servico
 323   2477827190   2477827167     0.280989   259.845666     0.749305    93.663126    False    servico
 324   2477827190   2653916618     0.191022    62.342177     0.509392    63.673938     True    servico
 325   2477827192   2477827198     0.063040    42.381373     0.168107    21.013353    False    servico
 326   2477827192   2477827158     0.426249    13.986487     1.136664   142.083027    False    servico
 327   2477827192   2477827176     0.683951    94.570463     1.823870   227.983745    False    servico
 328   2477827193   2477827190     0.067955   151.745981     0.181213    22.651602     True    servico
 329   2477827193   2477827196     0.032712     0.000000     0.087232    10.903945    False   passagem
 330   2477827196   2477827193     0.032712     0.000000     0.087232    10.903945    False   passagem
 331   2477827196   2477827200     0.345316     7.257666     0.920844   115.105443     True    servico
 332   2477827196   2477827230     0.461184    76.614183     1.229823   153.727934    False    servico
 333   2477827198   2477827192     0.063040   102.321313     0.168107    21.013353    False    servico
 334   2477827198   2477827206     0.148575    13.986487     0.396201    49.525095    False    servico
 335   2477827198   2477827215     0.291615    32.963903     0.777639    97.204889    False    servico
 336   2477827199   2477827176     0.299254    64.699574     0.798010    99.751257    False    servico
 337   2477827199   2477827193     0.345791    66.394436     0.922110   115.263774     True    servico
 338   2477827199   2477827200     0.033663    76.719568     0.089767    11.220870    False    servico
 339   2477827200   2477827199     0.033663     7.468611     0.089767    11.220870    False    servico
 340   2477827200   2477827203     0.343488     7.468611     0.915967   114.495870     True    servico
 341   2477827200   2477827279     0.748294    76.208451     1.995450   249.431191    False    servico
 342   2477827203   5116504527     0.034718     0.000000     0.092582    11.572781    False   passagem
 343   2477827203   2477827211     0.337422     7.702843     0.899791   112.473889     True    servico
 344   2477827203   2477827300     0.721576    74.862621     1.924203   240.525320    False    servico
 345   2477827205   2477827323     0.968245   160.093653     2.581987   322.748394    False    servico
 346   2477827205   2477827177     0.380319   214.821331     1.014185   126.773157    False    servico
 347   2477827205   2477827218     0.403711    84.380213     1.076564   134.570451    False    servico
 348   2477827206   5116504527     0.340647    89.570092     0.908392   113.549047     True    servico
 349   2477827206   2477827198     0.148575    75.578246     0.396201    49.525095    False    servico
 350   2477827206   2477827211     0.030324     0.000000     0.080863    10.107837    False   passagem
 351   2477827208   2477831991     0.233258     6.727777     0.622021    77.752640    False    servico
 352   2477827208   2477831999     0.084002    51.752158     0.224006    28.000803    False    servico
 353   2477827208   2477832001     0.049051    18.637334     0.130803    16.350406    False    servico
 354   2477827211   2477805825     0.705113    10.882830     1.880301   235.037660    False    servico
 355   2477827211   2477827206     0.030324     0.000000     0.080863    10.107837    False   passagem
 356   2477827211   2477832006     0.353303     6.727777     0.942141   117.767624     True    servico
 357   2477827215   2477827198     0.291615    78.386130     0.777639    97.204889    False    servico
 358   2477827215   2477827206     0.240137    64.699574     0.640365    80.045602     True    servico
 359   2477827218   2477827246     0.453942     0.000000     1.210512   151.313975    False   passagem
 360   2477827218   2477827246     0.639926   100.714582     1.706470   213.308690    False    serviço
 361   2477827218   2477827353     1.043857   141.978264     2.783619   347.952320    False    servico
 362   2477827218   2477827205     0.403711   231.597064     1.076564   134.570451    False    servico
 363   2477827222   2477827225     0.035697     0.000000     0.095193    11.899163    False   passagem
 364   2477827222   2898228820     0.142452     7.920083     0.379872    47.483947    False    servico
 365   2477827222   2898228821     0.234639    31.605315     0.625705    78.213084     True    servico
 366   2477827223   2477827242     0.308149    52.058629     0.821730   102.716233    False    servico
 367   2477827223   2477831996     0.246332    68.367925     0.656884    82.110533    False    servico
 368   2477827223   2477831999     0.284150    54.652771     0.757734    94.716781    False    servico
 369   2477827223   2477832015     0.607099    63.043490     1.618930   202.366247    False    servico
 370   2477827225   2477827222     0.035697     0.000000     0.095193    11.899163    False   passagem
 371   2477827225   2477832012     0.345505     7.920083     0.921345   115.168183     True    servico
 372   2477827225   2477832016     0.259729    76.655943     0.692612    86.576482    False    servico
 373   2477827229   2477827231     0.034077     0.000000     0.090872    11.358976    False   passagem
 374   2477827229   2477832011     0.348786     7.560534     0.930095   116.261839     True    servico
 375   2477827230   4016382081     0.761915    77.383880     2.031773   253.971569     True    servico
 376   2477827230   2477827196     0.461184   169.043476     1.229823   153.727934    False    servico
 377   2477827231   2661660992     0.100855   102.321313     0.268947    33.618405    False    servico
 378   2477827231   2477827229     0.034077     0.000000     0.090872    11.358976    False   passagem
 379   2477827231   2477827235     0.340111     7.560534     0.906962   113.370238     True    servico
 380   2477827233   2477827235     0.034965     0.000000     0.093240    11.655040    False   passagem
 381   2477827233   2477832013     0.276078     7.757595     0.736207    92.025934     True    servico
 382   2477827235   2477827233     0.034965     0.000000     0.093240    11.655040    False   passagem
 383   2477827235   2477827239     0.337581     7.757595     0.900216   112.527044     True    servico
 384   2477827235   2477827386     0.721529    74.898001     1.924077   240.509568    False    servico
 385   2477827237   2477827233     0.332914   160.083169     0.887772   110.971480     True    servico
 386   2477827237   2477827239     0.034451     0.000000     0.091869    11.483656    False   passagem
 387   2477827237   2477832001     0.346226     7.643521     0.923268   115.408534    False    servico
 388   2477827239   2477827237     0.034451     0.000000     0.091869    11.483656    False   passagem
 389   2477827239   2477827244     0.348873     7.643521     0.930327   116.290867     True    servico
 390   2477827239   2477827372     0.539308    77.403201     1.438155   179.769434    False    servico
 391   2477827242   2477827223     0.308149   119.654536     0.821730   102.716233    False    servico
 392   2477827242   2477827237     0.347734    68.367925     0.927291   115.911420     True    servico
 393   2477827242   2477827244     0.034186     0.000000     0.091163    11.395416    False   passagem
 394   2477827244   5116482152     0.241459     7.584789     0.643892    80.486492     True    servico
 395   2477827244   2477827242     0.034186     0.000000     0.091163    11.395416    False   passagem
 396   2477827244   2477827348     0.357646     7.584789     0.953723   119.215318    False    servico
 397   2477827246   2477827218     0.453942     0.000000     1.210512   151.313975    False   passagem
 398   2477827246   2477827218     0.639926   100.714582     1.706470   213.308690    False    serviço
 399   2477827246   2477827353     0.719257   141.978264     1.918019   239.752315    False    servico
 400   2477827248    267884969     0.336037     0.000000     0.896100   112.012465    False   passagem
 401   2477827248   2591412708     0.415820     0.000000     1.108852   138.606511    False   passagem
 402   2477827249   2591412700     0.132724    92.256494     0.353931    44.241337     True    servico
 403   2477827249   2477827265     0.092780     0.000000     0.247414    30.926742     True   passagem
 404   2477827253   2477827230     0.376192    20.584840     1.003179   125.397380     True    servico
 405   2477827253   2477827260     0.040707     0.000000     0.108553    13.569126    False   passagem
 406   2477827258   2591412706     0.013086     0.000000     0.034895     4.361867     True   passagem
 407   2477827258   2477827274     0.046053     2.903259     0.122808    15.351057     True    servico
 408   2477827260   2477827253     0.040707     0.000000     0.108553    13.569126    False   passagem
 409   2477827260   2477827314     0.336257     9.031610     0.896685   112.085622    False    servico
 410   2477827260   2477827358     0.365814    74.604190     0.975503   121.937864     True    servico
 411   2477827265   2477827274     0.069213     0.000000     0.184569    23.071068     True   passagem
 412   2477827265   2477827280     0.120095     0.000000     0.320252    40.031548     True   passagem
 413   2477827265   2477827287     0.067648     0.000000     0.180394    22.549300     True   passagem
 414   2477827274   2477827348     0.643499    15.008814     1.715997   214.499629     True    servico
 415   2477827279   2477827200     0.748294   142.770953     1.995450   249.431191    False    servico
 416   2477827279   2477827253     0.088871   166.021400     0.236990    29.623810     True    servico
 417   2477827280   2477827324     0.110772     0.000000     0.295391    36.923903     True   passagem
 418   2477827287   2477827324     0.078885     0.000000     0.210361    26.295118     True   passagem
 419   2477827300   2477805825     0.349537    17.502031     0.932098   116.512272    False    servico
 420   2477827300   2477827203     0.721576    77.550568     1.924203   240.525320    False    servico
 421   2477827300   2477827380     0.302183   160.093653     0.805821   100.727590    False    servico
 422   2477827314   2477827260     0.336257    67.044284     0.896685   112.085622    False    servico
 423   2477827314   2477827327     0.140735    74.604190     0.375293    46.911650    False    servico
 424   2477827314   2477827180     1.393146    31.224394     3.715055   464.381890    False    servico
 425   1237124340   2477805956     0.313081   309.092586     0.834883   104.360427    False    servico
 426   1237124340   2302899238     0.055412    69.462300     0.147766    18.470737    False    servico
 427   2477827323   2477827335     0.117200    12.294122     0.312534    39.066709    False    servico
 428   2477827323   2477827205     0.968245    26.002801     2.581987   322.748394    False    servico
 429   2477827323   2477827327     0.370120   214.821331     0.986986   123.373269    False    servico
 430   2477827324   5116457003     0.015130    82.117248     0.040346     5.043207    False    servico
 431   2477827324   2477827329     0.042750     0.000000     0.114001    14.250121     True   passagem
 432   2477827327   2477827314     0.140735     9.484881     0.375293    46.911650    False    servico
 433   2477827327   2477827360     0.143603    31.224394     0.382941    47.867608    False    servico
 434   2477827327   2477827323     0.370120    31.860680     0.986986   123.373269    False    servico
 435   2477827329   2591412708     0.182213     0.000000     0.485902    60.737757    False   passagem
 436   2477827329   2809708868     0.043469     0.000000     0.115919    14.489813     True   passagem
 437   2477827329   5116457006     0.176140     0.000000     0.469706    58.713289    False   passagem
 438   2477827332   2477827345     0.341653    39.079565     0.911074   113.884261    False    servico
 439   2477827332   2477827420     0.629833    75.801364     1.679555   209.944422    False    servico
 440   2477827332   2477832016     0.373745   139.739008     0.996653   124.581623    False    servico
 441   2477827332   2477832019     0.330647    82.921528     0.881724   110.215539    False    servico
 442   2477827335   2477827323     0.117200    73.359463     0.312534    39.066709    False    servico
 443   2477827335   2477827374     0.176277    26.002801     0.470073    58.759127    False    servico
 444   2477827335   2477827353     0.316685    39.110075     0.844492   105.561527    False    servico
 445   2477827345   2477827332     0.341653    70.261752     0.911074   113.884261    False    servico
 446   2477827345   2477827405     0.481850    75.801364     1.284933   160.616583    False    servico
 447   2477827345   2477832017     0.369801   106.906398     0.986137   123.267069    False    servico
 448   2477827348   2477827244     0.357646    82.046561     0.953723   119.215318    False    servico
 449   2477827348   2477827356     0.103711    79.349715     0.276563    34.570318     True    servico
 450   2477827352   2477827279     0.267667    23.010003     0.713778    89.222236     True    servico
 451   2477827352   2477827358     0.038218     0.000000     0.101915    12.739401    False   passagem
 452   2477827353   2477827218     1.043857     8.479345     2.783619   347.952320    False    servico
 453   2477827353   2477827246     0.719257   231.597064     1.918019   239.752315    False    servico
 454   2477827353   2477827335     0.316685   159.579141     0.844492   105.561527    False    servico
 455   2477827356   2477827364     0.041415     0.000000     0.110439    13.804865    False   passagem
 456   2477827356   2477827372     0.265041     9.188518     0.706776    88.346946     True    servico
 457   2477827358   2477805826     0.189242    58.803727     0.504644    63.080505     True    servico
 458   2477827358   2477827352     0.038218     0.000000     0.101915    12.739401    False   passagem
 459   2477827358   2477827388     0.788038     8.479345     2.101435   262.679324    False    servico
 460   2477827360   2477827327     0.143603   174.839358     0.382941    47.867608    False    servico
 461   2477827360   2477827374     0.324600    31.860680     0.865600   108.199949    False    servico
 462   2477827360   2477827388     0.235758    72.017886     0.628687    78.585897    False    servico
 463   2477827362   2477827396     0.327310    52.306773     0.872828   109.103448    False    servico
 464   2477827362   2477827287     0.709947    72.619255     1.893192   236.649035     True    servico
 465   2477827364   2477827356     0.041415     0.000000     0.110439    13.804865    False   passagem
 466   2477827364   2477827362     0.068099     9.188518     0.181598    22.699695     True    servico
 467   2477827372   2477827239     0.539308    15.108917     1.438155   179.769434    False    servico
 468   2477827372   2477827376     0.045773   119.654536     0.122062    15.257751     True    servico
 469   2477827374   2477827335     0.176277    10.155559     0.470073    58.759127    False    servico
 470   2477827374   2477827360     0.324600    39.110075     0.865600   108.199949    False    servico
 471   2477827374   2477827392     0.224268    72.017886     0.598048    74.756032    False    servico
 472   2477827376   2477827382     0.036983     0.000000     0.098622    12.327723    False   passagem
 473   2477827376   2477827386     0.335902     8.205333     0.895739   111.967317     True    servico
 474   2477827380   2477805826     0.042198    74.525446     0.112529    14.066151    False    servico
 475   2477827380   2477827352     0.179829     9.362430     0.479544    59.942987     True    servico
 476   2477827380   2477827300     0.302183    39.898052     0.805821   100.727590    False    servico
 477   2477827382   2477827364     0.312257    67.044284     0.832687   104.085824     True    servico
 478   2477827382   2477827376     0.036983     0.000000     0.098622    12.327723    False   passagem
 479   2477827382   2477827406     0.332497     8.205333     0.886659   110.832390    False    servico
 480   2477827386   2477827387     0.067182    73.770039     0.179151    22.393898     True    servico
 481   2477827386   2477827235     0.721529    14.905379     1.924077   240.509568    False    servico
 482   2477827387   2477827390     0.041557     0.000000     0.110820    13.852443    False   passagem
 483   2477827387   2477827394     0.312012     9.220186     0.832032   104.004008     True    servico
 484   2477827388   2477827358     0.788038    69.225068     2.101435   262.679324    False    servico
 485   2477827388   2477827360     0.235758   174.839358     0.628687    78.585897    False    servico
 486   2477827388   2477827392     0.224642    52.306773     0.599046    74.880770    False    servico
 487   2477827390   2477827382     0.402300    49.840640     1.072801   134.100120     True    servico
 488   2477827390   2477827387     0.041557     0.000000     0.110820    13.852443    False   passagem
 489   2477827392   2477827374     0.224268     9.220186     0.598048    74.756032    False    servico
 490   2477827392   2477827388     0.224642    49.757615     0.599046    74.880770    False    servico
 491   2477827392   2477827423     0.254531    49.840640     0.678750    84.843706    False    servico
 492   2477827394   2661660992     0.804015    56.471971     2.144041   268.005079    False    servico
 493   2477827394   2477827405     0.372526   178.384180     0.993403   124.175436     True    servico
 494   2477827396   2477827362     0.327310    82.651170     0.872828   109.103448    False    servico
 495   2477827396   2477827400     0.053472    72.619255     0.142593    17.824112    False    servico
 496   2477827396   2477827406     0.372553    11.863729     0.993475   124.184327    False    servico
 497   2477827398   2477827390     0.229015    82.657088     0.610705    76.338182     True    servico
 498   2477827398   2477827454     0.339467    50.810694     0.905246   113.155747    False    servico
 499   2477827400   2477827396     0.053472    75.316465     0.142593    17.824112    False    servico
 500   2477827400   5116457003     0.787322    11.863729     2.099526   262.440801    False    servico
 501   2477827400   2477827431     0.392728   174.680597     1.047274   130.909194    False    servico
 502   2477827402   1269539343     0.135964    87.133160     0.362570    45.321304    False    servico
 503   2477827402   2654864287     0.132181    30.165860     0.352483    44.060372    False    servico
 504   2477827402   2477827439     0.219748    29.326583     0.585994    73.249254    False    servico
 505   2477827405   2477827345     0.481850    48.754703     1.284933   160.616583    False    servico
 506   2477827405   2477827420     0.381037   106.906398     1.016099   127.012397     True    servico
 507   2477827406   2477827382     0.332497    84.539451     0.886659   110.832390    False    servico
 508   2477827406   2477827396     0.372553    73.770039     0.993475   124.184327    False    servico
 509   2477827406   2477827431     0.175075    82.657088     0.466866    58.358193    False    servico
 510   2477827406   2477827454     0.687904    38.843213     1.834412   229.301478    False    servico
 511   2477827408   2477827380     0.469390   152.623064     1.251707   156.463356     True    servico
 512   2477827408   2477827418     0.044978   104.142010     0.119941    14.992586    False    servico
 513   2477827408   2477805825     0.611790     9.979065     1.631439   203.929925    False    servico
 514   2477827418   2477827408     0.044978   135.735758     0.119941    14.992586    False    servico
 515   2477827418   2477827468     0.431973     9.979065     1.151929   143.991108    False    servico
 516   2477827418   2477827457     0.237700    95.840482     0.633867    79.233374     True    servico
 517   2477827420   2477827332     0.629833    52.737734     1.679555   209.944422    False    servico
 518   2477827420   2477827426     0.050041   139.739008     0.133442    16.680293    False    servico
 519   2477827420   2477827442     0.240141    11.102403     0.640376    80.046953     True    servico
 520   2477827423   1269539343     0.379226    53.279252     1.011270   126.408800    False    servico
 521   2477827423   2477827392     0.254531    84.137698     0.678750    84.843706    False    servico
 522   2477827423   2477805836     0.292724    56.471971     0.780598    97.574692    False    servico
 523   2477827426   2477827398     0.858081    64.945715     2.288217   286.027113     True    servico
 524   2477827426   2477827420     0.050041   190.379646     0.133442    16.680293    False    servico
 525   2477827426   2477827473     0.365011    11.102403     0.973362   121.670303    False    servico
 526   2477827431   2477827406     0.175075    80.983754     0.466866    58.358193    False    servico
 527   2477827431   2477827498     0.794240    38.843213     2.117974   264.746802    False    servico
 528   2477827431   2477827400     0.392728   176.215472     1.047274   130.909194    False    servico
 529   2477827434   2477827436     0.047693    87.133160     0.127181    15.897646    False    servico
 530   2477827434   2477827442     0.107479    10.581473     0.286611    35.826398    False    servico
 531   2477827434   2477832019     0.727491    23.846051     1.939976   242.497040     True    servico
 532   2477827436   2477827434     0.047693   161.406030     0.127181    15.897646    False    servico
 533   2477827436   2477827451     0.154768    10.581473     0.412715    51.589437    False    servico
 534   2477827439   2477805832     0.136563    34.337929     0.364167    45.520921    False    servico
 535   2477827439   2654864288     0.123851    30.298725     0.330270    41.283707    False    servico
 536   2477827439   2477827402     0.219748    27.478435     0.585994    73.249254    False    servico
 537   2477827439   2477827462     0.230184    48.754703     0.613825    76.728094    False    servico
 538   2477827442   2477827434     0.107479    51.070220     0.286611    35.826398    False    servico
 539   2477827442   2477827448     0.052291    23.846051     0.139443    17.430414    False    servico
 540   2477827448   2477827426     0.187023    11.601684     0.498729    62.341143     True    servico
 541   2477827448   2477827442     0.052291    41.494264     0.139443    17.430414    False    servico
 542   2477827448   2477827471     0.293368    11.601684     0.782316    97.789459    False    servico
 543   2477827451   2477827436     0.154768    65.088664     0.412715    51.589437    False    servico
 544   2477827451   2477827457     0.049106    34.337929     0.130949    16.368586    False    servico
 545   2477827451   2477827408     0.270506    10.894931     0.721349    90.168669     True    servico
 546   2477827454   2477827398     0.339467    60.016266     0.905246   113.155747    False    servico
 547   2477827454   2477827406     0.687904    75.316465     1.834412   229.301478    False    servico
 548   2477827454   2477827476     0.937512   152.623064     2.500033   312.504111    False    servico
 549   2477827454   2477827498     0.422442   208.002737     1.126511   140.813858    False    servico
 550   2477827457   2477827451     0.049106    93.725704     0.130949    16.368586    False    servico
 551   2477827457   2477827465     0.228315    10.894931     0.608841    76.105065    False    servico
 552   2477827462   1269539295     0.134573    50.655531     0.358861    44.857670    False    servico
 553   2477827462   2654864289     0.126757    29.857265     0.338020    42.252454    False    servico
 554   2477827462   2477827439     0.230184    28.123233     0.613825    76.728094    False    servico
 555   2477827462   2477827486     0.213210    51.070220     0.568560    71.070062    False    servico
 556   2477827465   2477827457     0.228315    47.304233     0.608841    76.105065    False    servico
 557   2477827465   2477827468     0.127167    50.655531     0.339112    42.388963    False    servico
 558   2477827465   2477827471     0.464681    28.214094     1.239149   154.893580    False    servico
 559   2477827465   2477827509     0.363359   103.097167     0.968956   121.119540    False    servico
 560   2477827468   2477827418     0.431973    80.617166     1.151929   143.991108    False    servico
 561   2477827468   2477827465     0.127167    95.840482     0.339112    42.388963    False    servico
 562   2477827468   2477827480     0.455715    28.214094     1.215240   151.904939    False    servico
 563   2477827468   2477805887     0.855329   101.107927     2.280876   285.109509    False    servico
 564   2477827471   2477827465     0.464681   189.768889     1.239149   154.893580    False    servico
 565   2477827471   2477827473     0.112536   103.097167     0.300095    37.511871    False    servico
 566   2477827471   2477827448     0.293368    24.967902     0.782316    97.789459    False    servico
 567   2477827471   2477827512     0.376024    65.088664     1.002730   125.341218    False    servico
 568   2477827473   2477805894     0.900485    83.427115     2.401294   300.161726    False    servico
 569   2477827473   2477827426     0.365011   199.787645     0.973362   121.670303    False    servico
 570   2477827473   2477827471     0.112536    80.983754     0.300095    37.511871    False    servico
 571   2477827473   2477827476     0.025756    24.967902     0.068682     8.585229    False    servico
 572   2477827476   2477827454     0.937512     5.714328     2.500033   312.504111    False    servico
 573   2477827476   2477827473     0.025756   208.002737     0.068682     8.585229    False    servico
 574   2477827476   2477827518     0.740738     5.714328     1.975302   246.912699    False    servico
 575   2477827480   2477805833     0.224206   164.345092     0.597882    74.735232    False    servico
 576   2477827480   2654864290     0.046455    49.743770     0.123880    15.484956    False    servico
 577   2477827480   2654864291     0.146252    10.306786     0.390005    48.750615    False    servico
 578   2477827480   2477827468     0.455715    32.448410     1.215240   151.904939    False    servico
 579   2477827486   2654864290     0.128439   101.107927     0.342504    42.813038    False    servico
 580   2477827486   2477827462     0.213210    28.496358     0.568560    71.070062    False    servico
 581   2477827486   2477827495     0.136333    47.304233     0.363555    45.444432    False    servico
 582   2477827495   1269539295     0.213905    30.247814     0.570413    71.301566    False    servico
 583   2477827495   2654864293     0.134779    47.458322     0.359410    44.926231    False    servico
 584   2477827495   2477827486     0.136333    29.902899     0.363555    45.444432    False    servico
 585   2477827495   2654715447     0.128204    30.247814     0.341876    42.734550    False    servico
 586   2477827498   2477827431     0.794240    28.444116     2.117974   264.746802    False    servico
 587   2477827498   2477827454     0.422442   176.215472     1.126511   140.813858    False    servico
 588   2477827498   5116456995     0.177324    93.725704     0.472864    59.108057    False    servico
 589   2477827507   2477805838     0.216717    39.342322     0.577912    72.238940    False    servico
 590   2477827507   2477805857     0.219931    48.082238     0.586483    73.310318    False    servico
 591   2477827507   2654715448     0.132664    48.795348     0.353771    44.221369    False    servico
 592   2477827509   2477827512     0.041242    29.433743     0.109978    13.747293    False    servico
 593   2477827509   2477827465     0.363359     9.150198     0.968956   121.119540    False    servico
 594   2477827509   2477827526     0.600792    80.617166     1.602113   200.264124     True    servico
 595   2477827512   2477827509     0.041242   133.295801     0.109978    13.747293    False    servico
 596   2477827512   2477827471     0.376024     9.150198     1.002730   125.341218    False    servico
 597   2477827518   5116456995     0.284517    83.427115     0.758711    94.838834    False    servico
 598   2477827518   2477827476     0.740738    63.124728     1.975302   246.912699    False    servico
 599   2477827518   5116456986     0.491171   164.345092     1.309789   163.723645    False    servico
 600   2477827526   2477805887     0.339574   108.974458     0.905531   113.191345    False    servico
 601   2477827526   1237124340     0.694223    75.340159     1.851261   231.407642     True    servico
 602   2477827526   2477827529     0.042234     0.000000     0.112624    14.078000    False   passagem
 603   2653916614   2477827173     0.314398     9.370316     0.838393   104.799171    False    servico
 604   2653916614   5116504530     0.133038    69.754329     0.354767    44.345883    False    servico
 605   2653916614   2477827170     0.448595    29.516619     1.196254   149.531702    False    servico
 606   2477827529   2477805894     0.330915    99.528301     0.882440   110.305045    False    servico
 607   2477827529   2477827512     0.598227    73.419038     1.595272   199.408977     True    servico
 608   2477827529   2477827526     0.042234     0.000000     0.112624    14.078000    False   passagem
 609   2653916618   2477827173     0.219581     9.370316     0.585550    73.193741    False    servico
 610   2653916618   2477827181     0.380001    48.717754     1.013336   126.666993     True    servico
 611   2477827532   5116456986     0.072344    84.309551     0.192918    24.114721    False    servico
 612   2477827532   2477827533     0.665709    16.050758     1.775225   221.903079    False    servico
 613   2477827533   2477805894     0.479190   147.698689     1.277839   159.729873    False    servico
 614   2477827533   2477827532     0.665709   106.316204     1.775225   221.903079    False    servico
 615   2477827533   2477827535     0.245520   147.698689     0.654719    81.839849    False    servico
 616   2477827535   2477827533     0.245520    54.472603     0.654719    81.839849    False    servico
 617   2477827535   2302899238     0.229667    54.472603     0.612447    76.555832    False    servico
 618   2477827535    267884948     1.237251     0.000000     3.299335   412.416898    False   passagem
 619   2654715440   1269539295     0.128747   274.504688     0.343324    42.915541    False    servico
 620   2654715440   2654715443     0.124523    28.564584     0.332060    41.507525    False    servico
 621   2654715440   2654715447     0.214796    27.627409     0.572789    71.598563    False    servico
 622   2654715443   2477805838     0.135497    47.656004     0.361324    45.165526    False    servico
 623   2654715443   2654715440     0.124523    30.062174     0.332060    41.507525    False    servico
 624   2654715443   2654715448     0.215922    27.627409     0.575791    71.973894    False    servico
 625   2654715447   2477827495     0.128204    47.905824     0.341876    42.734550    False    servico
 626   2654715447   2654715440     0.214796    28.444116     0.572789    71.598563    False    servico
 627   2654715447   2654715448     0.134549    47.656004     0.358796    44.849532    False    servico
 628   2654715447   2654715450     0.216815    29.851848     0.578174    72.271745    False    servico
 629   2654715448   2477827507     0.132664    48.104073     0.353771    44.221369    False    servico
 630   2654715448   2654715443     0.215922    29.433743     0.575791    71.973894    False    servico
 631   2654715448   2654715447     0.134549    47.905824     0.358796    44.849532    False    servico
 632   2654715448   2654715452     0.218278    29.851848     0.582075    72.759323    False    servico
 633   2654715450   2477805853     0.132424    48.428605     0.353130    44.141301    False    servico
 634   2654715450   2654715447     0.216815    29.380450     0.578174    72.271745    False    servico
 635   2654715450   2654715452     0.128062    48.104073     0.341500    42.687493    False    servico
 636   2654715450   2654715454     0.215386    28.412795     0.574362    71.795230    False    servico
 637   2654715452   2477805857     0.134595    47.786905     0.358920    44.865003    False    servico
 638   2654715452   2654715448     0.218278    29.862146     0.582075    72.759323    False    servico
 639   2654715452   2654715450     0.128062    48.428605     0.341500    42.687493    False    servico
 640   2654715452   2654715455     0.213417    28.412795     0.569112    71.139016    False    servico
 641   2654715454   2477805868     0.129017    47.350129     0.344044    43.005541    False    servico
 642   2654715454   2654715450     0.215386    28.624488     0.574362    71.795230    False    servico
 643   2654715454   2654715455     0.133931    47.786905     0.357149    44.643583    False    servico
 644   2654715455   2477805871     0.132017    29.714769     0.352045    44.005619    False    servico
 645   2654715455   2654715452     0.213417    29.290140     0.569112    71.139016    False    servico
 646   2654715455   2654715454     0.133931    47.350129     0.357149    44.643583    False    servico
 647   2898228820   2477827165     0.477408    29.714769     1.273087   159.135913    False    servico
 648   2898228820   2477827222     0.142452   105.920863     0.379872    47.483947    False    servico
 649   2898228820   2898228821     0.265184    31.605315     0.707159    88.394829    False    servico
 650   2898228821   2898228820     0.265184    58.835598     0.707159    88.394829    False    servico
 651   2898228821   2477832005     0.089917    58.835598     0.239778    29.972245     True    servico
 652   2477831961   5116504524     0.471002    19.949526     1.256007   157.000815    False    servico
 653   2477831961   2477831964     0.544765   104.499743     1.452706   181.588281    False    servico
 654   2477831961   2477831965     0.359498   120.865160     0.958661   119.832615    False    servico
 655   2477831964   2477831961     0.544765    79.760588     1.452706   181.588281    False    servico
 656   2477831964   2477831969     0.115525   120.865160     0.308067    38.508379    False    servico
 657   2477831964   2477831975     0.769681    25.631177     2.052484   256.560456    False    servico
 658   2477831965   2477831969     0.612773   170.766640     1.634060   204.257526    False    servico
 659   2477831965   2477831961     0.359498   135.953809     0.958661   119.832615    False    servico
 660   2477831965   2477827143     0.519791    79.760588     1.386110   173.263791    False    servico
 661   2477831969   2477831965     0.612773   115.324380     1.634060   204.257526    False    servico
 662   2477831969   2477831964     0.115525   135.953809     0.308067    38.508379    False    servico
 663   2477831969   2477831974     0.504841    25.631177     1.346242   168.280210    False    servico
 664   2477831974   2477831977     0.039045   112.007308     0.104121    13.015160     True    servico
 665   2477831974   2477831969     0.504841     8.662890     1.346242   168.280210    False    servico
 666   2477831975   2477831978     0.024314   112.007308     0.064837     8.104617    False    servico
 667   2477831975   2477831964     0.769681     5.394433     2.052484   256.560456    False    servico
 668   2477831975   2477827165     0.496042   170.766640     1.322780   165.347475    False    servico
 669   2477831977   2477827143     0.687700   110.055280     1.833866   229.233234    False    servico
 670   2477831977   2477831983     0.334490   152.577641     0.891973   111.496603     True    servico
 671   2477831977   2477831978     0.044522    74.212139     0.118727    14.840832    False    servico
 672   2477831978   2477831975     0.024314     9.878058     0.064837     8.104617    False    servico
 673   2477831978   2477831977     0.044522     5.394433     0.118727    14.840832    False    servico
 674   2477831982   2477827155     0.125763     9.878058     0.335368    41.921062    False    servico
 675   2477831982   2477827156     0.249940    27.902659     0.666506    83.313293    False    servico
 676   2477831982   2477827171     0.176463    55.453328     0.470568    58.820986    False    servico
 677   2477831982   2477827183     0.257901    39.151248     0.687735    85.966851    False    servico
 678   2477831983   5116482163     0.160058    57.219536     0.426820    53.352530     True    servico
 679   2477831983   2477827158     0.467937    35.511444     1.247833   155.979088    False    servico
 680   2477831983   2477831984     0.049215   103.819681     0.131239    16.404887    False    servico
 681   2477831984   2477827165     0.338134    10.919093     0.901691   112.711430    False    servico
 682   2477831984   2477831978     0.338725    75.020728     0.903268   112.908446     True    servico
 683   2477831984   2477831983     0.049215    75.151862     0.131239    16.404887    False    servico
 684   2477831985   2477827183     0.359922    10.919093     0.959791   119.973936    False    servico
 685   2477831985   2477831991     0.263431    79.854652     0.702482    87.810246    False    servico
 686   2477831985   2477827156     0.285650    58.446499     0.761734    95.216735    False    servico
 687   2477831986   5116482160     0.017069    63.376259     0.045518     5.689793    False    servico
 688   2477831989   2477827171     0.426731     3.787126     1.137949   142.243631    False    servico
 689   2477831989   2477831993     0.255797    94.677360     0.682126    85.265707    False    servico
 690   2477831989   2477831997     0.255050    56.752855     0.680134    85.016786    False    servico
 691   2477831991   5116482158     0.186053    56.587173     0.496142    62.017765    False    servico
 692   2477831991   2477827208     0.233258    41.279025     0.622021    77.752640    False    servico
 693   2477831991   2477831985     0.263431    51.752158     0.702482    87.810246    False    servico
 694   2477831991   2477831996     0.362882    58.446499     0.967685   120.960631    False    servico
 695   2477831993   2591412636     0.251405    80.511396     0.670414    83.801695    False    servico
 696   2477831993   2477831989     0.255797    55.778408     0.682126    85.265707    False    servico
 697   2477831993   2477831995     0.260885    56.752855     0.695692    86.961529    False    servico
 698   2477831993   2477832000     0.254864    57.881594     0.679638    84.954747    False    servico
 699   2477831994   2477831998     0.088899    56.545880     0.237063    29.632936    False    servico
 700   2477831995   2591412648     0.259568    19.723682     0.692180    86.522540    False    servico
 701   2477831995   2477831993     0.260885    57.589403     0.695692    86.961529    False    servico
 702   2477831995   2477832008     0.265204    57.881594     0.707211    88.401405    False    servico
 703   2477831996   2477827183     0.255114    58.839975     0.680303    85.037880    False    servico
 704   2477831996   2477827223     0.246332    56.601213     0.656884    82.110533    False    servico
 705   2477831996   2477831991     0.362882    54.652771     0.967685   120.960631    False    servico
 706   2477831996   2477832010     0.610017    80.511396     1.626711   203.338931    False    servico
 707   2477831997   2477827183     0.608152   135.342392     1.621739   202.717316    False    servico
 708   2477831997   2477831989     0.255050   134.928645     0.680134    85.016786    False    servico
 709   2477831997   2477832000     0.256390    56.587173     0.683706    85.463299    False    servico
 710   2477831997   2477832010     0.257067    56.884372     0.685512    85.688944    False    servico
 711   2477831998   2591412676     0.060318    57.034561     0.160847    20.105926    False    servico
 712   2477831998   2477831994     0.088899    13.382504     0.237063    29.632936    False    servico
 713   2477831998   2477832013     0.349733    19.723682     0.932620   116.577541    False    servico
 714   2477831999   2477827208     0.084002    77.594011     0.224006    28.000803    False    servico
 715   2477831999   2477827223     0.284150    18.637334     0.757734    94.716781    False    servico
 716   2477831999   2477832001     0.100910    63.043490     0.269094    33.636779    False    servico
 717   2477832000   2477831993     0.254864    22.388640     0.679638    84.954747    False    servico
 718   2477832000   2477831997     0.256390    56.545880     0.683706    85.463299    False    servico
 719   2477832000   2477832008     0.186694    56.884372     0.497849    62.231171    False    servico
 720   2477832001   2591412676     0.461360    41.421068     1.230293   153.786609    False    servico
 721   2477832001   2477827208     0.049051   102.360367     0.130803    16.350406    False    servico
 722   2477832001   2477827237     0.346226    10.882830     0.923268   115.408534    False    servico
 723   2477832001   2477831999     0.100910    76.815920     0.269094    33.636779    False    servico
 724   2477832003   2477827215     0.111761    22.388640     0.298029    37.253660     True    servico
 725   2477832003   2477832006     0.031215    24.796036     0.083239    10.404854     True    servico
 726   2477832005   5116482162     0.455775     6.925471     1.215400   151.924991     True    servico
 727   2477832005   2477832003     0.053099   101.121274     0.141596    17.699540     True    servico
 728   2477832006   2477832007     0.054380    11.780814     0.145014    18.126702     True    servico
 729   2477832006   2477832018     0.670451    12.065133     1.787869   223.483593     True    servico
 730   2477832007   2477827225     0.323062   148.750679     0.861498   107.687291     True    servico
 731   2477832007   2477832005     0.031548    71.676661     0.084128    10.516001     True    servico
 732   2477832008   2477831995     0.265204     6.999450     0.707211    88.401405    False    servico
 733   2477832008   2477832000     0.186694    58.839975     0.497849    62.231171    False    servico
 734   2477832008       -39028     0.144615    41.421068     0.385640    48.204956    False    servico
 735   2477832009   2477827222     0.230440    32.085218     0.614506    76.813267     True    servico
 736   2477832009   2477827165     0.678341    51.126910     1.808909   226.113637    False    servico
 737   2477832010   2477831996     0.610017   150.501237     1.626711   203.338931    False    servico
 738   2477832010   2477831997     0.257067   135.342392     0.685512    85.688944    False    servico
 739   2477832010   2477832014     0.359293    57.034561     0.958116   119.764500    False    servico
 740   2477832010   2477832015     0.245758    79.715251     0.655355    81.919322    False    servico
 741   2477832011   2477832009     0.114541    54.525501     0.305443    38.180335     True    servico
 742   2477832011   2477832012     0.035404     0.000000     0.094411    11.801433    False   passagem
 743   2477832012   2661660991     0.097256     7.855034     0.259350    32.418747    False    servico
 744   2477832012   2477827231     0.347137    21.577918     0.925699   115.712389     True    servico
 745   2477832012   2477832011     0.035404     0.000000     0.094411    11.801433    False   passagem
 746   2477832013   2477827229     0.067054     7.855034     0.178810    22.351196     True    servico
 747   2477832013   2477831998     0.349733    14.876956     0.932620   116.577541    False    servico
 748   2477832014   2591412698     0.258034    77.594011     0.688092    86.011449    False    servico
 749   2477832014   2477832010     0.359293    57.249221     0.958116   119.764500    False    servico
 750   2477832014       -39028     0.124643    79.715251     0.332381    41.547676    False    servico
 751   2477832015   2477827223     0.607099    27.654133     1.618930   202.366247    False    servico
 752   2477832015   2477832010     0.245758   134.694974     0.655355    81.919322    False    servico
 753   2477832015   2591412698     0.280733    54.525501     0.748621    93.577582    False    servico
 754   2477832016   2477827225     0.259729    62.285238     0.692612    86.576482    False    servico
 755   2477832016   2477827332     0.373745    57.625306     0.996653   124.581623    False    servico
 756   2477832016   2477832017     0.340055    82.921528     0.906812   113.351554    False    servico
 757   2477832017   2661660991     0.140148    75.446794     0.373728    46.716047    False    servico
 758   2477832017   2477827345     0.369801    31.094201     0.986137   123.267069    False    servico
 759   2477832017   2477832016     0.340055    82.046561     0.906812   113.351554    False    servico
 760   2477832018   2477805825     0.334634    75.446794     0.892357   111.544608    False    servico
 761   2477832018   2477827436     0.732253    74.244091     1.952675   244.084368     True    servico
 762   2477832018   2477832019     0.042384   162.462556     0.113023    14.127847    False    servico
 763   2477832019   2477827332     0.330647     9.403495     0.881724   110.215539    False    servico
 764   2477832019   2477832007     0.665391    73.359463     1.774375   221.796925     True    servico
 765   2477832019   2477832018     0.042384   147.628033     0.113023    14.127847    False    servico
 766       -39052   2477827185     0.405178     9.403495     1.080475   135.059425     True    servico
 767       -39052       -39050     0.039034     0.000000     0.104091    13.011350    False   passagem
 768       -39050   2477827174     0.223740     8.660355     0.596640    74.580045     True    servico
 769       -39050       -39052     0.039034     0.000000     0.104091    13.011350    False   passagem
 770       -39032   3185224646     0.051728     0.000000     0.137942    17.242742     True   passagem
 771       -39032   2477827280     0.082430     0.000000     0.219814    27.476748     True   passagem
 772       -39030   2477827248     0.420654     0.000000     1.121745   140.218091     True   passagem
 773       -39030       -39032     0.041985     0.000000     0.111959    13.994848     True   passagem
 774       -39028   2477832008     0.144615     9.314971     0.385640    48.204956    False    servico
 775       -39028   2477832014     0.124643    32.085218     0.332381    41.547676    False    servico
 776       -39026    267884969    10.634708     0.000000    28.359222  3544.902800    False   passagem

  id           no  demanda       CS
