  id            u            v           CA      demanda           CS       length   oneway     status
   0            1            2     0.054299     0.000000     0.144797    18.099584    False   passagem
   1            1            3     1.030481     0.000000     2.747949   343.493664    False   passagem
   2            4            5     0.072344   228.629382     0.192918    24.114721    False    servico
   3            4            3     0.045639     0.000000     0.121703    15.212856     True   passagem
   4            4            6     0.491171    10.125677     1.309789   163.723645    False    servico
   5            3            7     0.055512     0.000000     0.148033    18.504131    False   passagem
   6            3            8     0.059896     0.000000     0.159722    19.965273     True   passagem
   7            3            1     1.030481     0.000000     2.747949   343.493664    False   passagem
   8            8            1     1.001610     0.000000     2.670959   333.869863     True   passagem
   9            2            1     0.054299     0.000000     0.144797    18.099584    False   passagem
  10            2            9     0.310134     0.000000     0.827023   103.377888     True   passagem
  11            2           10     1.402762     0.000000     3.740698   467.587291    False   passagem
  12            9            6     0.284517   311.226101     0.758711    94.838834    False    servico
  13            9           11     0.177324    63.124728     0.472864    59.108057    False    servico
  14           10           12     0.285155     0.000000     0.760414    95.051698    False   passagem
  15           10           13     0.478365     0.000000     1.275641   159.455159     True   passagem
  16           10            2     1.402762     0.000000     3.740698   467.587291    False   passagem
  17           14           15     0.015130   311.226101     0.040346     5.043207    False    servico
  18           14           12     0.168925     0.000000     0.450468    56.308450     True   passagem
  19           14           16     0.787322    37.478905     2.099526   262.440801    False    servico
  20           12           10     0.285155     0.000000     0.760414    95.051698    False   passagem
  21           12           17     0.176140     0.000000     0.469706    58.713289    False   passagem
  22           18           19     0.094197     0.000000     0.251193    31.399096    False   passagem
  23           18           20     0.553060    20.899238     1.474825   184.353170     True    servico
  24           21            8     0.104851     0.000000     0.279601    34.950167     True   passagem
  25           21            7     0.071051     0.000000     0.189470    23.683709     True   passagem
  26           22           23     0.705113    15.763876     1.880301   235.037660    False    servico
  27           22           24     0.349537   156.441067     0.932098   116.512272    False    servico
  28           22           25     0.334634    77.550568     0.892357   111.544608    False    servico
  29           22           26     0.611790    74.244091     1.631439   203.929925    False    servico
  30           27           28     0.230937   135.735758     0.615832    76.978997    False    servico
  31           27           29     0.042198    51.237220     0.112529    14.066151    False    servico
  32           27           30     0.491109     9.362430     1.309625   163.703098     True    servico
  33           28           27     0.230937   108.960782     0.615832    76.978997    False    servico
  34           28           31     0.228673    51.237220     0.609795    76.224403    False    servico
  35           28           32     0.113114    50.734962     0.301636    37.704548    False    servico
  36           31           28     0.228673    25.096147     0.609795    76.224403    False    servico
  37           31           33     0.238394    50.734962     0.635716    79.464529    False    servico
  38           31           34     0.052654    52.891591     0.140410    17.551248    False    servico
  39           35           36     0.503123    11.682111     1.341661   167.707653    False    servico
  40           35           37     0.231192   111.626214     0.616511    77.063833    False    servico
  41           35           38     0.218499    51.293687     0.582663    72.832927    False    servico
  42           35           39     0.136563    48.477596     0.364167    45.520921    False    servico
  43           33           31     0.238394    30.298725     0.635716    79.464529    False    servico
  44           33           40     0.114048    52.891591     0.304127    38.015921    False    servico
  45           33           41     0.224206    25.303397     0.597882    74.735232    False    servico
  46           36           35     0.503123    49.743770     1.341661   167.707653    False    servico
  47           36           42     0.234133   111.626214     0.624355    78.044432    False    servico
  48           36           43     0.292724    51.946374     0.780598    97.574692    False    servico
  49           44           42     0.185654    64.945715     0.495077    61.884650    False    servico
  50           44           45     0.216717    41.190423     0.577912    72.238940    False    servico
  51           44           46     0.135497    48.082238     0.361324    45.165526    False    servico
  52           42           36     0.234133    30.062174     0.624355    78.044432    False    servico
  53           42           44     0.185654    51.946374     0.495077    61.884650    False    servico
  54           42           47     0.686226    41.190423     1.829936   228.742015    False    servico
  55           48           49     0.080343   152.250685     0.214247    26.780880    False    servico
  56           48           50     0.084206    17.825354     0.224550    28.068797    False    servico
  57           48           51     0.132424    18.682591     0.353130    44.141301    False    servico
  58           47           52     0.211160    29.380450     0.563092    70.386540    False    servico
  59           47           45     0.219931    46.849281     0.586483    73.310318    False    servico
  60           47           53     0.134595    48.795348     0.358920    44.865003    False    servico
  61           47           42     0.686226    29.862146     1.829936   228.742015    False    servico
  62           54           55     0.180185   152.250685     0.480493    60.061650    False    servico
  63           54           56     0.144817    39.977034     0.386179    48.272403    False    servico
  64           54           57     0.291209    32.130112     0.776558    97.069752    False    servico
  65           55           54     0.180185    64.609627     0.480493    60.061650    False    servico
  66           55           50     0.133372    39.977034     0.355660    44.457463    False    servico
  67           55           58     0.129017    29.590887     0.344044    43.005541    False    servico
  68           55           59     0.214911    28.624488     0.573096    71.636961    False    servico
  69           52           47     0.211160    47.681561     0.563092    70.386540    False    servico
  70           52           60     0.154233    46.849281     0.411289    51.411108    False    servico
  71           52           61     0.221854    34.219234     0.591612    73.951472    False    servico
  72           52           62     0.132017    49.222100     0.352045    44.005619    False    servico
  73           60           52     0.154233    29.290140     0.411289    51.411108    False    servico
  74           59           61     0.399176    34.219234     1.064468   133.058502    False    servico
  75           59           63     0.224795    88.563739     0.599453    74.931665    False    servico
  76           59           55     0.214911    49.874516     0.573096    71.636961    False    servico
  77           57           64     0.162289    47.681561     0.432770    54.096205    False    servico
  78           57           54     0.291209    36.006434     0.776558    97.069752    False    servico
  79           57           65     0.391530    64.609627     1.044079   130.509933    False    servico
  80           66           67     0.348388    86.867412     0.929034   116.129202    False    servico
  81           66           68     0.097256    77.295597     0.259350    32.418747    False    servico
  82           66           69     0.140148    21.577918     0.373728    46.716047    False    servico
  83           67           66     0.348388    31.094201     0.929034   116.129202    False    servico
  84           67           70     0.100855    77.295597     0.268947    33.618405    False    servico
  85           67           71     0.804015    22.376410     2.144041   268.005079    False    servico
  86           32           28     0.113114   178.384180     0.301636    37.704548    False    servico
  87           32           34     0.219775    25.096147     0.586065    73.258174    False    servico
  88           32           72     0.123270    48.760640     0.328719    41.089937    False    servico
  89           73           64     0.183675    27.349462     0.489800    61.224963    False    servico
  90           73           74     0.339574    40.751336     0.905531   113.191345    False    servico
  91           73           75     0.855329    75.340159     2.280876   285.109509    False    servico
  92           73           76     0.865303   189.768889     2.307475   288.434368    False    servico
  93           13           77     0.171289     0.000000     0.456771    57.096382     True   passagem
  94           34           31     0.052654    38.003352     0.140410    17.551248    False    servico
  95           34           32     0.219775    11.682111     0.586065    73.258174    False    servico
  96           34           78     0.129595    48.760640     0.345588    43.198438    False    servico
  97           79           80     0.900485    28.752881     2.401294   300.161726    False    servico
  98           79           81     0.330915   199.787645     0.882440   110.305045    False    servico
  99           79           82     0.479190    73.419038     1.277839   159.729873    False    servico
 100           61           52     0.221854   106.316204     0.591612    73.951472    False    servico
 101           61           59     0.399176    49.222100     1.064468   133.058502    False    servico
 102           61           83     0.191282    88.563739     0.510085    63.760576    False    servico
 103           61           84     0.221391    42.439039     0.590377    73.797141    False    servico
 104           83           61     0.191282    49.119377     0.510085    63.760576    False    servico
 105           63           59     0.224795    42.439039     0.599453    74.931665    False    servico
 106           63           84     0.400590    49.874516     1.068241   133.530085    False    servico
 107           63           65     0.225224    88.877625     0.600598    75.074714    False    servico
 108           84           61     0.221391    49.969729     0.590377    73.797141    False    servico
 109           84           63     0.400590    49.119377     1.068241   133.530085    False    servico
 110           84           85     0.182972    88.877625     0.487927    60.990825    False    servico
 111           84           86     0.220278    40.595493     0.587407    73.425913    False    servico
 112           85           84     0.182972    48.872288     0.487927    60.990825    False    servico
 113           65           86     0.401276    40.595493     1.070068   133.758532    False    servico
 114           65           87     0.217500    89.029679     0.580001    72.500158    False    servico
 115           65           57     0.391530    48.256105     1.044079   130.509933    False    servico
 116           65           63     0.225224    86.867412     0.600598    75.074714    False    servico
 117           86           84     0.220278    49.969729     0.587407    73.425913    False    servico
 118           86           65     0.401276    48.872288     1.070068   133.758532    False    servico
 119           86           88     0.214428    89.029679     0.571807    71.475915    False    servico
 120           88           86     0.214428    47.574369     0.571807    71.475915    False    servico
 121           88           89     0.196459    47.574369     0.523892    65.486458    False    servico
 122           88           90     0.191202    43.587787     0.509872    63.733996    False    servico
 123           87           65     0.217500    42.421348     0.580001    72.500158    False    servico
 124           87           91     0.260784    48.256105     0.695424    86.927995    False    servico
 125           87           92     0.413550    57.859274     1.102800   137.850007    False    servico
 126           89           88     0.196459    91.752965     0.523892    65.486458    False    servico
 127           90           88     0.191202    43.587787     0.509872    63.733996    False    servico
 128           90           93     0.066105    42.421348     0.176280    22.035043    False    servico
 129           90           94     1.982186    14.666525     5.285830   660.728722    False    servico
 130           93           90     0.066105   439.781037     0.176280    22.035043    False    servico
 131           93           95     0.150744    14.666525     0.401984    50.248025    False    servico
 132           93           92     0.153317    33.445085     0.408845    51.105605    False    servico
 133           76           96     0.154666    34.015890     0.412442    51.555272    False    servico
 134           76           97     0.313081    34.315189     0.834883   104.360427    False    servico
 135           76           73     0.865303    69.462300     2.307475   288.434368    False    servico
 136           98            7     0.420320     0.000000     1.120853   140.106655    False   passagem
 137           98           21     0.394640     0.000000     1.052374   131.546727     True   passagem
 138           98           99     1.237251     0.000000     3.299335   412.416898    False   passagem
 139            7            3     0.055512     0.000000     0.148033    18.504131    False   passagem
 140            7           98     0.420320     0.000000     1.120853   140.106655    False   passagem
 141            7            5     0.041400     0.000000     0.110400    13.799968     True   passagem
 142          100          101     0.320039     9.185259     0.853436   106.679550    False    servico
 143          100          102     0.251405    71.005908     0.670414    83.801695    False    servico
 144          100          103     0.405318    55.778408     1.080848   135.106000    False    servico
 145          104          105     0.225684    89.926553     0.601825    75.228109    False    servico
 146          104          106     0.172151    50.071829     0.459068    57.383502    False    servico
 147          104          107     0.394501    38.194459     1.052001   131.500172    False    servico
 148          105          104     0.225684    87.526514     0.601825    75.228109    False    servico
 149          105          108     0.221709    50.071829     0.591224    73.903011    False    servico
 150          105          109     0.025928    49.189844     0.069142     8.642775    False    servico
 151          101          100     0.320039     5.752631     0.853436   106.679550    False    servico
 152          101          110     0.259568    71.005908     0.692180    86.522540    False    servico
 153          101          103     0.453587    57.589403     1.209566   151.195756    False    servico
 154          111          112     0.336037     0.000000     0.896100   112.012465    False   passagem
 155          111          113     0.250937     0.000000     0.669164    83.645551     True   passagem
 156          111          114    10.634708     0.000000    28.359222  3544.902800    False   passagem
 157          108          105     0.221709  2359.487303     0.591224    73.903011    False    servico
 158          107          115     0.060318    49.189844     0.160847    20.105926    False    servico
 159          107          116     0.461360    13.382504     1.230293   153.786609    False    servico
 160          107          104     0.394501   102.360367     1.052001   131.500172    False    servico
 161          117          118     0.471002    87.526514     1.256007   157.000815    False    servico
 162          119          120     0.342006   104.499743     0.912017   114.002157     True    servico
 163          119          121     0.034718     0.000000     0.092582    11.572781    False   passagem
 164          122          123     0.161936     7.702843     0.431830    53.978787    False    servico
 165          122          124     0.324049    35.928281     0.864132   108.016488    False    servico
 166          122          125     0.133038    71.895774     0.354767    44.345883    False    servico
 167          123          122     0.161936    29.516619     0.431830    53.978787    False    servico
 168           64           57     0.162289    35.928281     0.432770    54.096205    False    servico
 169           64           73     0.183675    36.006434     0.489800    61.224963    False    servico
 170           64          126     0.615852    40.751336     1.642271   205.283862    False    servico
 171          126           64     0.615852   136.636938     1.642271   205.283862    False    servico
 172          127          128     0.118952   136.636938     0.317205    39.650633    False    servico
 173          127          129     0.258034    26.391461     0.688092    86.011449    False    servico
 174          127          130     0.280733    57.249221     0.748621    93.577582    False    servico
 175          131          132     0.141223    62.285238     0.376596    47.074479     True    servico
 176           37           35     0.231192    31.332773     0.616511    77.063833    False    servico
 177           37          133     0.134573    51.293687     0.358861    44.857670    False    servico
 178           37          134     0.213905    29.857265     0.570413    71.301566    False    servico
 179           37          135     0.128747    47.458322     0.343324    42.915541    False    servico
 180          136          137     0.058144     0.000000     0.155050    19.381249     True   passagem
 181          136          131     0.041587     0.000000     0.110900    13.862452     True   passagem
 182          138          112     0.415820     0.000000     1.108852   138.606511    False   passagem
 183          138           17     0.182213     0.000000     0.485902    60.737757    False   passagem
 184          138          139     0.000854     0.000000     0.002278     0.284806     True   passagem
 185           38           35     0.218499     0.189567     0.582663    72.832927    False    servico
 186           38          140     0.135964    48.477596     0.362570    45.321304    False    servico
 187           38           43     0.379226    30.165860     1.011270   126.408800    False    servico
 188           96           76     0.154666    84.137698     0.412442    51.555272    False    servico
 189           96           91     0.106842    34.315189     0.284913    35.614076    False    servico
 190           96           94     0.346709    23.704729     0.924559   115.569819    False    servico
 191           91           87     0.260784    76.923272     0.695424    86.927995    False    servico
 192           91           96     0.106842    57.859274     0.284913    35.614076    False    servico
 193           91           95     0.472184    23.704729     1.259157   157.394586    False    servico
 194          141          142     0.034659     0.000000     0.092423    11.552905    False   passagem
 195          141          143     0.201386     7.689613     0.537029    67.128615     True    servico
 196          142          141     0.034659     0.000000     0.092423    11.552905    False   passagem
 197          142          144     0.244398     7.689613     0.651728    81.466052     True    servico
 198          132          142     0.199458    54.223804     0.531888    66.486056     True    servico
 199          132          143     0.035851     0.000000     0.095601    11.950180    False   passagem
 200          143          132     0.035851     0.000000     0.095601    11.950180    False   passagem
 201          143          145     0.123981     7.954040     0.330615    41.326910     True    servico
 202          103          146     0.166921    27.507192     0.445122    55.640263    False    servico
 203          103          101     0.453587    37.034159     1.209566   151.195756    False    servico
 204          103          100     0.405318   100.635895     1.080848   135.106000    False    servico
 205          146          103     0.166921    89.926553     0.445122    55.640263    False    servico
 206          109          105     0.025928    37.034159     0.069142     8.642775    False    servico
 207          109          147     0.300444     5.752631     0.801184   100.148017    False    servico
 208          109          148     0.186053    66.658520     0.496142    62.017765    False    servico
 209          147          109     0.300444    41.279025     0.801184   100.148017    False    servico
 210          106          104     0.172151    66.658520     0.459068    57.383502    False    servico
 211          106          149     0.119973    38.194459     0.319927    39.990924    False    servico
 212          106          150     0.017069    26.617959     0.045518     5.689793    False    servico
 213          149          106     0.119973     3.787126     0.319927    39.990924    False    servico
 214          151          152     0.050861     0.000000     0.135629    16.953618    False   passagem
 215          151          153     0.160221    11.284328     0.427255    53.406897     True    servico
 216          152          151     0.050861     0.000000     0.135629    16.953618    False   passagem
 217          152          154     0.455447    11.284328     1.214527   151.815826     True    servico
 218           95           93     0.150744   101.048614     0.401984    50.248025    False    servico
 219           95           91     0.472184    33.445085     1.259157   157.394586    False    servico
 220           95           92     0.065212   104.761837     0.173898    21.737312    False    servico
 221           92           87     0.413550    14.468355     1.102800   137.850007    False    servico
 222           92           93     0.153317    91.752965     0.408845    51.105605    False    servico
 223           92           95     0.065212    34.015890     0.173898    21.737312    False    servico
 224          155           94     0.473119    14.468355     1.261651   157.706371    False    servico
 225           94          155     0.473119   104.969360     1.261651   157.706371    False    servico
 226           94           96     0.346709   104.969360     0.924559   115.569819    False    servico
 227           94           90     1.982186    76.923272     5.285830   660.728722    False    servico
 228           72           32     0.123270   439.781037     0.328719    41.089937    False    servico
 229           72           78     0.219954    27.349462     0.586545    73.318125    False    servico
 230           72          140     0.132181    48.800544     0.352483    44.060372    False    servico
 231           78           34     0.129595    29.326583     0.345588    43.198438    False    servico
 232           78           72     0.219954    28.752881     0.586545    73.318125    False    servico
 233           78           40     0.229159    48.800544     0.611092    76.386455    False    servico
 234           78           39     0.123851    50.842825     0.330270    41.283707    False    servico
 235           40           33     0.114048    27.478435     0.304127    38.015921    False    servico
 236           40           78     0.229159    25.303397     0.611092    76.386455    False    servico
 237           40          156     0.214211    50.842825     0.571230    71.403690    False    servico
 238           40          133     0.126757    47.526296     0.338020    42.252454    False    servico
 239          156           40     0.214211    28.123233     0.571230    71.403690    False    servico
 240          156           41     0.046455    47.526296     0.123880    15.484956    False    servico
 241          156          157     0.128439    10.306786     0.342504    42.813038    False    servico
 242          158          159     0.181280    28.496358     0.483413    60.426608    False    servico
 243          158           56     0.169404    40.219950     0.451744    56.467991    False    servico
 244          158           41     0.146252    37.585095     0.390005    48.750615    False    servico
 245          159          158     0.181280    32.448410     0.483413    60.426608    False    servico
 246          159           49     0.087332    40.219950     0.232887    29.110832    False    servico
 247          159          160     0.163879    19.376170     0.437012    54.626494    False    servico
 248           49           48     0.080343    36.359395     0.214247    26.780880    False    servico
 249           49          159     0.087332    17.825354     0.232887    29.110832    False    servico
 250           49          134     0.134779    19.376170     0.359410    44.926231    False    servico
 251           56           54     0.144817    29.902899     0.386179    48.272403    False    servico
 252           56          158     0.169404    32.130112     0.451744    56.467991    False    servico
 253           56          160     0.131642    37.585095     0.351045    43.880611    False    servico
 254          160          159     0.163879    29.206935     0.437012    54.626494    False    servico
 255          160           56     0.131642    36.359395     0.351045    43.880611    False    servico
 256          160           50     0.088745    29.206935     0.236653    29.581643    False    servico
 257           50           48     0.084206    19.689542     0.224550    28.068797    False    servico
 258           50           55     0.133372    18.682591     0.355660    44.457463    False    servico
 259           50          160     0.088745    29.590887     0.236653    29.581643    False    servico
 260          128          127     0.118952    19.689542     0.317205    39.650633    False    servico
 261          128          161     0.063755    26.391461     0.170012    21.251546     True    servico
 262          162           97     0.055412    14.145029     0.147766    18.470737    False    servico
 263          162           81     0.681825    12.294122     1.818199   227.274869     True    servico
 264          162           99     0.229667   151.274153     0.612447    76.555832    False    servico
 265          163          164     0.687700    50.955562     1.833866   229.233234    False    servico
 266          163          165     0.410707   152.577641     1.095219   136.902381    False    servico
 267          163          166     0.519791    91.122225     1.386110   173.263791    False    servico
 268          167          168     0.078718   115.324380     0.209916    26.239473    False    servico
 269          168          167     0.078718    17.464993     0.209916    26.239473    False    servico
 270          168          169     0.349466    17.464993     0.931908   116.488509    False    servico
 271          168          170     0.498739    77.534752     1.329972   166.246482    False    servico
 272          171          172     0.125763   110.653658     0.335368    41.921062    False    servico
 273          171          173     0.298799    27.902659     0.796799    99.599822    False    servico
 274          171          174     0.223923    66.293641     0.597128    74.640963    False    servico
 275          173          172     0.249940    49.681025     0.666506    83.313293    False    servico
 276          173          171     0.298799    55.453328     0.796799    99.599822    False    servico
 277          173          175     0.285650    66.293641     0.761734    95.216735    False    servico
 278          124          176     0.167064    63.376259     0.445505    55.688108    False    servico
 279          124          122     0.324049    37.066005     0.864132   108.016488    False    servico
 280          124          177     0.479333    71.895774     1.278222   159.777726    False    servico
 281          165          178     0.467937   106.348054     1.247833   155.979088    False    servico
 282          165          179     0.426249   103.819681     1.136664   142.083027    False    servico
 283          165          163     0.410707    94.570463     1.095219   136.902381    False    servico
 284          180          181     0.477408    91.122225     1.273087   159.135913    False    servico
 285          180          153     0.338134   105.920863     0.901691   112.711430    False    servico
 286          180          182     0.496042    75.020728     1.322780   165.347475    False    servico
 287          180          183     0.678341   110.055280     1.808909   226.113637    False    servico
 288          176          124     0.167064   150.501237     0.445505    55.688108    False    servico
 289          176          184     0.280989    37.066005     0.749305    93.663126    False    servico
 290          176          185     0.302670    62.342177     0.807120   100.889959    False    servico
 291          170           19     0.224152    67.152357     0.597738    74.717261    False    servico
 292          170          168     0.498739    49.731809     1.329972   166.246482    False    servico
 293          170          125     0.448595   110.653658     1.196254   149.531702    False    servico
 294          174          172     0.176463    99.528301     0.470568    58.820986    False    servico
 295          174          186     0.426731    39.151248     1.137949   142.243631    False    servico
 296          174          171     0.223923    94.677360     0.597128    74.640963    False    servico
 297          185          125     0.314398    49.681025     0.838393   104.799171    False    servico
 298          185          187     0.219581    69.754329     0.585550    73.193741    False    servico
 299          185          176     0.302670    48.717754     0.807120   100.889959    False    servico
 300          185           19     0.317281    67.152357     0.846084   105.760483    False    servico
 301          169          188     0.054905    70.394177     0.146413    18.301621    False    servico
 302          169          168     0.349466    12.181559     0.931908   116.488509    False    servico
 303          177          120     0.299254    77.534752     0.798010    99.751257    False    servico
 304          177          124     0.479333    66.394436     1.278222   159.777726    False    servico
 305          177          179     0.683951   106.348054     1.823870   227.983745    False    servico
 306          188          169     0.054905   151.745981     0.146413    18.301621    False    servico
 307          188          189     0.132699    12.181559     0.353863    44.232882     True    servico
 308          188          190     0.380319    29.441406     1.014185   126.773157    False    servico
 309          189          191     0.057663    84.380213     0.153767    19.220850     True    servico
 310          189          192     1.393146    12.793398     3.715055   464.381890    False    servico
 311           19           18     0.094197     0.000000     0.251193    31.399096    False   passagem
 312           19          170     0.224152    20.899238     0.597738    74.717261    False    servico
 313           19          193     0.047679     0.000000     0.127145    15.893110    False   passagem
 314           19          185     0.317281    10.578454     0.846084   105.760483    False    servico
 315           19          194     0.373704    70.394177     0.996544   124.568040     True    servico
 316          195          172     0.257901    82.912488     0.687735    85.966851    False    servico
 317          195          175     0.359922    57.219536     0.959791   119.973936    False    servico
 318          195          196     0.255114    79.854652     0.680303    85.037880    False    servico
 319          195          197     0.608152    56.601213     1.621739   202.717316    False    servico
 320          193           18     0.054804   134.928645     0.146145    18.268103     True    servico
 321          193           19     0.047679     0.000000     0.127145    15.893110    False   passagem
 322          193          198     1.171179    10.578454     3.123145   390.393128     True    servico
 323          184          176     0.280989   259.845666     0.749305    93.663126    False    servico
 324          184          187     0.191022    62.342177     0.509392    63.673938     True    servico
 325          179          199     0.063040    42.381373     0.168107    21.013353    False    servico
 326          179          165     0.426249    13.986487     1.136664   142.083027    False    servico
 327          179          177     0.683951    94.570463     1.823870   227.983745    False    servico
 328          200          184     0.067955   151.745981     0.181213    22.651602     True    servico
 329          200           20     0.032712     0.000000     0.087232    10.903945    False   passagem
 330           20          200     0.032712     0.000000     0.087232    10.903945    False   passagem
 331           20          201     0.345316     7.257666     0.920844   115.105443     True    servico
 332           20          202     0.461184    76.614183     1.229823   153.727934    False    servico
 333          199          179     0.063040   102.321313     0.168107    21.013353    False    servico
 334          199          203     0.148575    13.986487     0.396201    49.525095    False    servico
 335          199          204     0.291615    32.963903     0.777639    97.204889    False    servico
 336          120          177     0.299254    64.699574     0.798010    99.751257    False    servico
 337          120          200     0.345791    66.394436     0.922110   115.263774     True    servico
 338          120          201     0.033663    76.719568     0.089767    11.220870    False    servico
 339          201          120     0.033663     7.468611     0.089767    11.220870    False    servico
 340          201          121     0.343488     7.468611     0.915967   114.495870     True    servico
 341          201          205     0.748294    76.208451     1.995450   249.431191    False    servico
 342          121          119     0.034718     0.000000     0.092582    11.572781    False   passagem
 343          121           23     0.337422     7.702843     0.899791   112.473889     True    servico
 344          121           24     0.721576    74.862621     1.924203   240.525320    False    servico
 345          190          206     0.968245   160.093653     2.581987   322.748394    False    servico
 346          190          188     0.380319   214.821331     1.014185   126.773157    False    servico
 347          190          207     0.403711    84.380213     1.076564   134.570451    False    servico
 348          203          119     0.340647    89.570092     0.908392   113.549047     True    servico
 349          203          199     0.148575    75.578246     0.396201    49.525095    False    servico
 350          203           23     0.030324     0.000000     0.080863    10.107837    False   passagem
 351          208          148     0.233258     6.727777     0.622021    77.752640    False    servico
 352          208          209     0.084002    51.752158     0.224006    28.000803    False    servico
 353          208          116     0.049051    18.637334     0.130803    16.350406    False    servico
 354           23           22     0.705113    10.882830     1.880301   235.037660    False    servico
 355           23          203     0.030324     0.000000     0.080863    10.107837    False   passagem
 356           23          210     0.353303     6.727777     0.942141   117.767624     True    servico
 357          204          199     0.291615    78.386130     0.777639    97.204889    False    servico
 358          204          203     0.240137    64.699574     0.640365    80.045602     True    servico
 359          207          211     0.453942     0.000000     1.210512   151.313975    False   passagem
 360          207          211     0.639926   100.714582     1.706470   213.308690    False    serviço
 361          207          212     1.043857   141.978264     2.783619   347.952320    False    servico
 362          207          190     0.403711   231.597064     1.076564   134.570451    False    servico
 363          213          214     0.035697     0.000000     0.095193    11.899163    False   passagem
 364          213          181     0.142452     7.920083     0.379872    47.483947    False    servico
 365          213          215     0.234639    31.605315     0.625705    78.213084     True    servico
 366          216          144     0.308149    52.058629     0.821730   102.716233    False    servico
 367          216          196     0.246332    68.367925     0.656884    82.110533    False    servico
 368          216          209     0.284150    54.652771     0.757734    94.716781    False    servico
 369          216          130     0.607099    63.043490     1.618930   202.366247    False    servico
 370          214          213     0.035697     0.000000     0.095193    11.899163    False   passagem
 371          214           68     0.345505     7.920083     0.921345   115.168183     True    servico
 372          214          217     0.259729    76.655943     0.692612    86.576482    False    servico
 373          218           70     0.034077     0.000000     0.090872    11.358976    False   passagem
 374          218          219     0.348786     7.560534     0.930095   116.261839     True    servico
 375          202           18     0.761915    77.383880     2.031773   253.971569     True    servico
 376          202           20     0.461184   169.043476     1.229823   153.727934    False    servico
 377           70           67     0.100855   102.321313     0.268947    33.618405    False    servico
 378           70          218     0.034077     0.000000     0.090872    11.358976    False   passagem
 379           70          220     0.340111     7.560534     0.906962   113.370238     True    servico
 380          221          220     0.034965     0.000000     0.093240    11.655040    False   passagem
 381          221          222     0.276078     7.757595     0.736207    92.025934     True    servico
 382          220          221     0.034965     0.000000     0.093240    11.655040    False   passagem
 383          220          223     0.337581     7.757595     0.900216   112.527044     True    servico
 384          220          224     0.721529    74.898001     1.924077   240.509568    False    servico
 385          225          221     0.332914   160.083169     0.887772   110.971480     True    servico
 386          225          223     0.034451     0.000000     0.091869    11.483656    False   passagem
 387          225          116     0.346226     7.643521     0.923268   115.408534    False    servico
 388          223          225     0.034451     0.000000     0.091869    11.483656    False   passagem
 389          223          226     0.348873     7.643521     0.930327   116.290867     True    servico
 390          223          227     0.539308    77.403201     1.438155   179.769434    False    servico
 391          144          216     0.308149   119.654536     0.821730   102.716233    False    servico
 392          144          225     0.347734    68.367925     0.927291   115.911420     True    servico
 393          144          226     0.034186     0.000000     0.091163    11.395416    False   passagem
 394          226          141     0.241459     7.584789     0.643892    80.486492     True    servico
 395          226          144     0.034186     0.000000     0.091163    11.395416    False   passagem
 396          226          228     0.357646     7.584789     0.953723   119.215318    False    servico
 397          211          207     0.453942     0.000000     1.210512   151.313975    False   passagem
 398          211          207     0.639926   100.714582     1.706470   213.308690    False    serviço
 399          211          212     0.719257   141.978264     1.918019   239.752315    False    servico
 400          112          111     0.336037     0.000000     0.896100   112.012465    False   passagem
 401          112          138     0.415820     0.000000     1.108852   138.606511    False   passagem
 402          161          131     0.132724    92.256494     0.353931    44.241337     True    servico
 403          161          137     0.092780     0.000000     0.247414    30.926742     True   passagem
 404          229          202     0.376192    20.584840     1.003179   125.397380     True    servico
 405          229          198     0.040707     0.000000     0.108553    13.569126    False   passagem
 406          145          136     0.013086     0.000000     0.034895     4.361867     True   passagem
 407          145          230     0.046053     2.903259     0.122808    15.351057     True    servico
 408          198          229     0.040707     0.000000     0.108553    13.569126    False   passagem
 409          198          192     0.336257     9.031610     0.896685   112.085622    False    servico
 410          198          231     0.365814    74.604190     0.975503   121.937864     True    servico
 411          137          230     0.069213     0.000000     0.184569    23.071068     True   passagem
 412          137          232     0.120095     0.000000     0.320252    40.031548     True   passagem
 413          137          233     0.067648     0.000000     0.180394    22.549300     True   passagem
 414          230          228     0.643499    15.008814     1.715997   214.499629     True    servico
 415          205          201     0.748294   142.770953     1.995450   249.431191    False    servico
 416          205          229     0.088871   166.021400     0.236990    29.623810     True    servico
 417          232           15     0.110772     0.000000     0.295391    36.923903     True   passagem
 418          233           15     0.078885     0.000000     0.210361    26.295118     True   passagem
 419           24           22     0.349537    17.502031     0.932098   116.512272    False    servico
 420           24          121     0.721576    77.550568     1.924203   240.525320    False    servico
 421           24           29     0.302183   160.093653     0.805821   100.727590    False    servico
 422          192          198     0.336257    67.044284     0.896685   112.085622    False    servico
 423          192          234     0.140735    74.604190     0.375293    46.911650    False    servico
 424          192          189     1.393146    31.224394     3.715055   464.381890    False    servico
 425           97           76     0.313081   309.092586     0.834883   104.360427    False    servico
 426           97          162     0.055412    69.462300     0.147766    18.470737    False    servico
 427          206          235     0.117200    12.294122     0.312534    39.066709    False    servico
 428          206          190     0.968245    26.002801     2.581987   322.748394    False    servico
 429          206          234     0.370120   214.821331     0.986986   123.373269    False    servico
 430           15           14     0.015130    82.117248     0.040346     5.043207    False    servico
 431           15           17     0.042750     0.000000     0.114001    14.250121     True   passagem
 432          234          192     0.140735     9.484881     0.375293    46.911650    False    servico
 433          234          236     0.143603    31.224394     0.382941    47.867608    False    servico
 434          234          206     0.370120    31.860680     0.986986   123.373269    False    servico
 435           17          138     0.182213     0.000000     0.485902    60.737757    False   passagem
 436           17           13     0.043469     0.000000     0.115919    14.489813     True   passagem
 437           17           12     0.176140     0.000000     0.469706    58.713289    False   passagem
 438          237          238     0.341653    39.079565     0.911074   113.884261    False    servico
 439          237          239     0.629833    75.801364     1.679555   209.944422    False    servico
 440          237          217     0.373745   139.739008     0.996653   124.581623    False    servico
 441          237          240     0.330647    82.921528     0.881724   110.215539    False    servico
 442          235          206     0.117200    73.359463     0.312534    39.066709    False    servico
 443          235          241     0.176277    26.002801     0.470073    58.759127    False    servico
 444          235          212     0.316685    39.110075     0.844492   105.561527    False    servico
 445          238          237     0.341653    70.261752     0.911074   113.884261    False    servico
 446          238          242     0.481850    75.801364     1.284933   160.616583    False    servico
 447          238           69     0.369801   106.906398     0.986137   123.267069    False    servico
 448          228          226     0.357646    82.046561     0.953723   119.215318    False    servico
 449          228          243     0.103711    79.349715     0.276563    34.570318     True    servico
 450          244          205     0.267667    23.010003     0.713778    89.222236     True    servico
 451          244          231     0.038218     0.000000     0.101915    12.739401    False   passagem
 452          212          207     1.043857     8.479345     2.783619   347.952320    False    servico
 453          212          211     0.719257   231.597064     1.918019   239.752315    False    servico
 454          212          235     0.316685   159.579141     0.844492   105.561527    False    servico
 455          243          245     0.041415     0.000000     0.110439    13.804865    False   passagem
 456          243          227     0.265041     9.188518     0.706776    88.346946     True    servico
 457          231           27     0.189242    58.803727     0.504644    63.080505     True    servico
 458          231          244     0.038218     0.000000     0.101915    12.739401    False   passagem
 459          231          246     0.788038     8.479345     2.101435   262.679324    False    servico
 460          236          234     0.143603   174.839358     0.382941    47.867608    False    servico
 461          236          241     0.324600    31.860680     0.865600   108.199949    False    servico
 462          236          246     0.235758    72.017886     0.628687    78.585897    False    servico
 463          247          248     0.327310    52.306773     0.872828   109.103448    False    servico
 464          247          233     0.709947    72.619255     1.893192   236.649035     True    servico
 465          245          243     0.041415     0.000000     0.110439    13.804865    False   passagem
 466          245          247     0.068099     9.188518     0.181598    22.699695     True    servico
 467          227          223     0.539308    15.108917     1.438155   179.769434    False    servico
 468          227          249     0.045773   119.654536     0.122062    15.257751     True    servico
 469          241          235     0.176277    10.155559     0.470073    58.759127    False    servico
 470          241          236     0.324600    39.110075     0.865600   108.199949    False    servico
 471          241          250     0.224268    72.017886     0.598048    74.756032    False    servico
 472          249          251     0.036983     0.000000     0.098622    12.327723    False   passagem
 473          249          224     0.335902     8.205333     0.895739   111.967317     True    servico
 474           29           27     0.042198    74.525446     0.112529    14.066151    False    servico
 475           29          244     0.179829     9.362430     0.479544    59.942987     True    servico
 476           29           24     0.302183    39.898052     0.805821   100.727590    False    servico
 477          251          245     0.312257    67.044284     0.832687   104.085824     True    servico
 478          251          249     0.036983     0.000000     0.098622    12.327723    False   passagem
 479          251          252     0.332497     8.205333     0.886659   110.832390    False    servico
 480          224          253     0.067182    73.770039     0.179151    22.393898     True    servico
 481          224          220     0.721529    14.905379     1.924077   240.509568    False    servico
 482          253          254     0.041557     0.000000     0.110820    13.852443    False   passagem
 483          253           71     0.312012     9.220186     0.832032   104.004008     True    servico
 484          246          231     0.788038    69.225068     2.101435   262.679324    False    servico
 485          246          236     0.235758   174.839358     0.628687    78.585897    False    servico
 486          246          250     0.224642    52.306773     0.599046    74.880770    False    servico
 487          254          251     0.402300    49.840640     1.072801   134.100120     True    servico
 488          254          253     0.041557     0.000000     0.110820    13.852443    False   passagem
 489          250          241     0.224268     9.220186     0.598048    74.756032    False    servico
 490          250          246     0.224642    49.757615     0.599046    74.880770    False    servico
 491          250           43     0.254531    49.840640     0.678750    84.843706    False    servico
 492           71           67     0.804015    56.471971     2.144041   268.005079    False    servico
 493           71          242     0.372526   178.384180     0.993403   124.175436     True    servico
 494          248          247     0.327310    82.651170     0.872828   109.103448    False    servico
 495          248           16     0.053472    72.619255     0.142593    17.824112    False    servico
 496          248          252     0.372553    11.863729     0.993475   124.184327    False    servico
 497          255          254     0.229015    82.657088     0.610705    76.338182     True    servico
 498          255          256     0.339467    50.810694     0.905246   113.155747    False    servico
 499           16          248     0.053472    75.316465     0.142593    17.824112    False    servico
 500           16           14     0.787322    11.863729     2.099526   262.440801    False    servico
 501           16          257     0.392728   174.680597     1.047274   130.909194    False    servico
 502          140           38     0.135964    87.133160     0.362570    45.321304    False    servico
 503          140           72     0.132181    30.165860     0.352483    44.060372    False    servico
 504          140           39     0.219748    29.326583     0.585994    73.249254    False    servico
 505          242          238     0.481850    48.754703     1.284933   160.616583    False    servico
 506          242          239     0.381037   106.906398     1.016099   127.012397     True    servico
 507          252          251     0.332497    84.539451     0.886659   110.832390    False    servico
 508          252          248     0.372553    73.770039     0.993475   124.184327    False    servico
 509          252          257     0.175075    82.657088     0.466866    58.358193    False    servico
 510          252          256     0.687904    38.843213     1.834412   229.301478    False    servico
 511           26           29     0.469390   152.623064     1.251707   156.463356     True    servico
 512           26           30     0.044978   104.142010     0.119941    14.992586    False    servico
 513           26           22     0.611790     9.979065     1.631439   203.929925    False    servico
 514           30           26     0.044978   135.735758     0.119941    14.992586    False    servico
 515           30           75     0.431973     9.979065     1.151929   143.991108    False    servico
 516           30          258     0.237700    95.840482     0.633867    79.233374     True    servico
 517          239          237     0.629833    52.737734     1.679555   209.944422    False    servico
 518          239          259     0.050041   139.739008     0.133442    16.680293    False    servico
 519          239          260     0.240141    11.102403     0.640376    80.046953     True    servico
 520           43           38     0.379226    53.279252     1.011270   126.408800    False    servico
 521           43          250     0.254531    84.137698     0.678750    84.843706    False    servico
 522           43           36     0.292724    56.471971     0.780598    97.574692    False    servico
 523          259          255     0.858081    64.945715     2.288217   286.027113     True    servico
 524          259          239     0.050041   190.379646     0.133442    16.680293    False    servico
 525          259           80     0.365011    11.102403     0.973362   121.670303    False    servico
 526          257          252     0.175075    80.983754     0.466866    58.358193    False    servico
 527          257           11     0.794240    38.843213     2.117974   264.746802    False    servico
 528          257           16     0.392728   176.215472     1.047274   130.909194    False    servico
 529          261          262     0.047693    87.133160     0.127181    15.897646    False    servico
 530          261          260     0.107479    10.581473     0.286611    35.826398    False    servico
 531          261          240     0.727491    23.846051     1.939976   242.497040     True    servico
 532          262          261     0.047693   161.406030     0.127181    15.897646    False    servico
 533          262          263     0.154768    10.581473     0.412715    51.589437    False    servico
 534           39           35     0.136563    34.337929     0.364167    45.520921    False    servico
 535           39           78     0.123851    30.298725     0.330270    41.283707    False    servico
 536           39          140     0.219748    27.478435     0.585994    73.249254    False    servico
 537           39          133     0.230184    48.754703     0.613825    76.728094    False    servico
 538          260          261     0.107479    51.070220     0.286611    35.826398    False    servico
 539          260          264     0.052291    23.846051     0.139443    17.430414    False    servico
 540          264          259     0.187023    11.601684     0.498729    62.341143     True    servico
 541          264          260     0.052291    41.494264     0.139443    17.430414    False    servico
 542          264          265     0.293368    11.601684     0.782316    97.789459    False    servico
 543          263          262     0.154768    65.088664     0.412715    51.589437    False    servico
 544          263          258     0.049106    34.337929     0.130949    16.368586    False    servico
 545          263           26     0.270506    10.894931     0.721349    90.168669     True    servico
 546          256          255     0.339467    60.016266     0.905246   113.155747    False    servico
 547          256          252     0.687904    75.316465     1.834412   229.301478    False    servico
 548          256          266     0.937512   152.623064     2.500033   312.504111    False    servico
 549          256           11     0.422442   208.002737     1.126511   140.813858    False    servico
 550          258          263     0.049106    93.725704     0.130949    16.368586    False    servico
 551          258          267     0.228315    10.894931     0.608841    76.105065    False    servico
 552          133           37     0.134573    50.655531     0.358861    44.857670    False    servico
 553          133           40     0.126757    29.857265     0.338020    42.252454    False    servico
 554          133           39     0.230184    28.123233     0.613825    76.728094    False    servico
 555          133          157     0.213210    51.070220     0.568560    71.070062    False    servico
 556          267          258     0.228315    47.304233     0.608841    76.105065    False    servico
 557          267           75     0.127167    50.655531     0.339112    42.388963    False    servico
 558          267          265     0.464681    28.214094     1.239149   154.893580    False    servico
 559          267          268     0.363359   103.097167     0.968956   121.119540    False    servico
 560           75           30     0.431973    80.617166     1.151929   143.991108    False    servico
 561           75          267     0.127167    95.840482     0.339112    42.388963    False    servico
 562           75           41     0.455715    28.214094     1.215240   151.904939    False    servico
 563           75           73     0.855329   101.107927     2.280876   285.109509    False    servico
 564          265          267     0.464681   189.768889     1.239149   154.893580    False    servico
 565          265           80     0.112536   103.097167     0.300095    37.511871    False    servico
 566          265          264     0.293368    24.967902     0.782316    97.789459    False    servico
 567          265          269     0.376024    65.088664     1.002730   125.341218    False    servico
 568           80           79     0.900485    83.427115     2.401294   300.161726    False    servico
 569           80          259     0.365011   199.787645     0.973362   121.670303    False    servico
 570           80          265     0.112536    80.983754     0.300095    37.511871    False    servico
 571           80          266     0.025756    24.967902     0.068682     8.585229    False    servico
 572          266          256     0.937512     5.714328     2.500033   312.504111    False    servico
 573          266           80     0.025756   208.002737     0.068682     8.585229    False    servico
 574          266            6     0.740738     5.714328     1.975302   246.912699    False    servico
 575           41           33     0.224206   164.345092     0.597882    74.735232    False    servico
 576           41          156     0.046455    49.743770     0.123880    15.484956    False    servico
 577           41          158     0.146252    10.306786     0.390005    48.750615    False    servico
 578           41           75     0.455715    32.448410     1.215240   151.904939    False    servico
 579          157          156     0.128439   101.107927     0.342504    42.813038    False    servico
 580          157          133     0.213210    28.496358     0.568560    71.070062    False    servico
 581          157          134     0.136333    47.304233     0.363555    45.444432    False    servico
 582          134           37     0.213905    30.247814     0.570413    71.301566    False    servico
 583          134           49     0.134779    47.458322     0.359410    44.926231    False    servico
 584          134          157     0.136333    29.902899     0.363555    45.444432    False    servico
 585          134          270     0.128204    30.247814     0.341876    42.734550    False    servico
 586           11          257     0.794240    28.444116     2.117974   264.746802    False    servico
 587           11          256     0.422442   176.215472     1.126511   140.813858    False    servico
 588           11            9     0.177324    93.725704     0.472864    59.108057    False    servico
 589           45           44     0.216717    39.342322     0.577912    72.238940    False    servico
 590           45           47     0.219931    48.082238     0.586483    73.310318    False    servico
 591           45          271     0.132664    48.795348     0.353771    44.221369    False    servico
 592          268          269     0.041242    29.433743     0.109978    13.747293    False    servico
 593          268          267     0.363359     9.150198     0.968956   121.119540    False    servico
 594          268           74     0.600792    80.617166     1.602113   200.264124     True    servico
 595          269          268     0.041242   133.295801     0.109978    13.747293    False    servico
 596          269          265     0.376024     9.150198     1.002730   125.341218    False    servico
 597            6            9     0.284517    83.427115     0.758711    94.838834    False    servico
 598            6          266     0.740738    63.124728     1.975302   246.912699    False    servico
 599            6            4     0.491171   164.345092     1.309789   163.723645    False    servico
 600           74           73     0.339574   108.974458     0.905531   113.191345    False    servico
 601           74           97     0.694223    75.340159     1.851261   231.407642     True    servico
 602           74           81     0.042234     0.000000     0.112624    14.078000    False   passagem
 603          125          185     0.314398     9.370316     0.838393   104.799171    False    servico
 604          125          122     0.133038    69.754329     0.354767    44.345883    False    servico
 605          125          170     0.448595    29.516619     1.196254   149.531702    False    servico
 606           81           79     0.330915    99.528301     0.882440   110.305045    False    servico
 607           81          269     0.598227    73.419038     1.595272   199.408977     True    servico
 608           81           74     0.042234     0.000000     0.112624    14.078000    False   passagem
 609          187          185     0.219581     9.370316     0.585550    73.193741    False    servico
 610          187           19     0.380001    48.717754     1.013336   126.666993     True    servico
 611            5            4     0.072344    84.309551     0.192918    24.114721    False    servico
 612            5           82     0.665709    16.050758     1.775225   221.903079    False    servico
 613           82           79     0.479190   147.698689     1.277839   159.729873    False    servico
 614           82            5     0.665709   106.316204     1.775225   221.903079    False    servico
 615           82           99     0.245520   147.698689     0.654719    81.839849    False    servico
 616           99           82     0.245520    54.472603     0.654719    81.839849    False    servico
 617           99          162     0.229667    54.472603     0.612447    76.555832    False    servico
 618           99           98     1.237251     0.000000     3.299335   412.416898    False   passagem
 619          135           37     0.128747   274.504688     0.343324    42.915541    False    servico
 620          135           46     0.124523    28.564584     0.332060    41.507525    False    servico
 621          135          270     0.214796    27.627409     0.572789    71.598563    False    servico
 622           46           44     0.135497    47.656004     0.361324    45.165526    False    servico
 623           46          135     0.124523    30.062174     0.332060    41.507525    False    servico
 624           46          271     0.215922    27.627409     0.575791    71.973894    False    servico
 625          270          134     0.128204    47.905824     0.341876    42.734550    False    servico
 626          270          135     0.214796    28.444116     0.572789    71.598563    False    servico
 627          270          271     0.134549    47.656004     0.358796    44.849532    False    servico
 628          270           51     0.216815    29.851848     0.578174    72.271745    False    servico
 629          271           45     0.132664    48.104073     0.353771    44.221369    False    servico
 630          271           46     0.215922    29.433743     0.575791    71.973894    False    servico
 631          271          270     0.134549    47.905824     0.358796    44.849532    False    servico
 632          271           53     0.218278    29.851848     0.582075    72.759323    False    servico
 633           51           48     0.132424    48.428605     0.353130    44.141301    False    servico
 634           51          270     0.216815    29.380450     0.578174    72.271745    False    servico
 635           51           53     0.128062    48.104073     0.341500    42.687493    False    servico
 636           51           58     0.215386    28.412795     0.574362    71.795230    False    servico
 637           53           47     0.134595    47.786905     0.358920    44.865003    False    servico
 638           53          271     0.218278    29.862146     0.582075    72.759323    False    servico
 639           53           51     0.128062    48.428605     0.341500    42.687493    False    servico
 640           53           62     0.213417    28.412795     0.569112    71.139016    False    servico
 641           58           55     0.129017    47.350129     0.344044    43.005541    False    servico
 642           58           51     0.215386    28.624488     0.574362    71.795230    False    servico
 643           58           62     0.133931    47.786905     0.357149    44.643583    False    servico
 644           62           52     0.132017    29.714769     0.352045    44.005619    False    servico
 645           62           53     0.213417    29.290140     0.569112    71.139016    False    servico
 646           62           58     0.133931    47.350129     0.357149    44.643583    False    servico
 647          181          180     0.477408    29.714769     1.273087   159.135913    False    servico
 648          181          213     0.142452   105.920863     0.379872    47.483947    False    servico
 649          181          215     0.265184    31.605315     0.707159    88.394829    False    servico
 650          215          181     0.265184    58.835598     0.707159    88.394829    False    servico
 651          215          272     0.089917    58.835598     0.239778    29.972245     True    servico
 652          118          117     0.471002    19.949526     1.256007   157.000815    False    servico
 653          118          273     0.544765   104.499743     1.452706   181.588281    False    servico
 654          118          166     0.359498   120.865160     0.958661   119.832615    False    servico
 655          273          118     0.544765    79.760588     1.452706   181.588281    False    servico
 656          273          274     0.115525   120.865160     0.308067    38.508379    False    servico
 657          273          182     0.769681    25.631177     2.052484   256.560456    False    servico
 658          166          274     0.612773   170.766640     1.634060   204.257526    False    servico
 659          166          118     0.359498   135.953809     0.958661   119.832615    False    servico
 660          166          163     0.519791    79.760588     1.386110   173.263791    False    servico
 661          274          166     0.612773   115.324380     1.634060   204.257526    False    servico
 662          274          273     0.115525   135.953809     0.308067    38.508379    False    servico
 663          274          275     0.504841    25.631177     1.346242   168.280210    False    servico
 664          275          164     0.039045   112.007308     0.104121    13.015160     True    servico
 665          275          274     0.504841     8.662890     1.346242   168.280210    False    servico
 666          182          276     0.024314   112.007308     0.064837     8.104617    False    servico
 667          182          273     0.769681     5.394433     2.052484   256.560456    False    servico
 668          182          180     0.496042   170.766640     1.322780   165.347475    False    servico
 669          164          163     0.687700   110.055280     1.833866   229.233234    False    servico
 670          164          178     0.334490   152.577641     0.891973   111.496603     True    servico
 671          164          276     0.044522    74.212139     0.118727    14.840832    False    servico
 672          276          182     0.024314     9.878058     0.064837     8.104617    False    servico
 673          276          164     0.044522     5.394433     0.118727    14.840832    False    servico
 674          172          171     0.125763     9.878058     0.335368    41.921062    False    servico
 675          172          173     0.249940    27.902659     0.666506    83.313293    False    servico
 676          172          174     0.176463    55.453328     0.470568    58.820986    False    servico
 677          172          195     0.257901    39.151248     0.687735    85.966851    False    servico
 678          178          152     0.160058    57.219536     0.426820    53.352530     True    servico
 679          178          165     0.467937    35.511444     1.247833   155.979088    False    servico
 680          178          153     0.049215   103.819681     0.131239    16.404887    False    servico
 681          153          180     0.338134    10.919093     0.901691   112.711430    False    servico
 682          153          276     0.338725    75.020728     0.903268   112.908446     True    servico
 683          153          178     0.049215    75.151862     0.131239    16.404887    False    servico
 684          175          195     0.359922    10.919093     0.959791   119.973936    False    servico
 685          175          148     0.263431    79.854652     0.702482    87.810246    False    servico
 686          175          173     0.285650    58.446499     0.761734    95.216735    False    servico
 687          150          106     0.017069    63.376259     0.045518     5.689793    False    servico
 688          186          174     0.426731     3.787126     1.137949   142.243631    False    servico
 689          186          102     0.255797    94.677360     0.682126    85.265707    False    servico
 690          186          197     0.255050    56.752855     0.680134    85.016786    False    servico
 691          148          109     0.186053    56.587173     0.496142    62.017765    False    servico
 692          148          208     0.233258    41.279025     0.622021    77.752640    False    servico
 693          148          175     0.263431    51.752158     0.702482    87.810246    False    servico
 694          148          196     0.362882    58.446499     0.967685   120.960631    False    servico
 695          102          100     0.251405    80.511396     0.670414    83.801695    False    servico
 696          102          186     0.255797    55.778408     0.682126    85.265707    False    servico
 697          102          110     0.260885    56.752855     0.695692    86.961529    False    servico
 698          102          277     0.254864    57.881594     0.679638    84.954747    False    servico
 699          278          115     0.088899    56.545880     0.237063    29.632936    False    servico
 700          110          101     0.259568    19.723682     0.692180    86.522540    False    servico
 701          110          102     0.260885    57.589403     0.695692    86.961529    False    servico
 702          110          279     0.265204    57.881594     0.707211    88.401405    False    servico
 703          196          195     0.255114    58.839975     0.680303    85.037880    False    servico
 704          196          216     0.246332    56.601213     0.656884    82.110533    False    servico
 705          196          148     0.362882    54.652771     0.967685   120.960631    False    servico
 706          196          280     0.610017    80.511396     1.626711   203.338931    False    servico
 707          197          195     0.608152   135.342392     1.621739   202.717316    False    servico
 708          197          186     0.255050   134.928645     0.680134    85.016786    False    servico
 709          197          277     0.256390    56.587173     0.683706    85.463299    False    servico
 710          197          280     0.257067    56.884372     0.685512    85.688944    False    servico
 711          115          107     0.060318    57.034561     0.160847    20.105926    False    servico
 712          115          278     0.088899    13.382504     0.237063    29.632936    False    servico
 713          115          222     0.349733    19.723682     0.932620   116.577541    False    servico
 714          209          208     0.084002    77.594011     0.224006    28.000803    False    servico
 715          209          216     0.284150    18.637334     0.757734    94.716781    False    servico
 716          209          116     0.100910    63.043490     0.269094    33.636779    False    servico
 717          277          102     0.254864    22.388640     0.679638    84.954747    False    servico
 718          277          197     0.256390    56.545880     0.683706    85.463299    False    servico
 719          277          279     0.186694    56.884372     0.497849    62.231171    False    servico
 720          116          107     0.461360    41.421068     1.230293   153.786609    False    servico
 721          116          208     0.049051   102.360367     0.130803    16.350406    False    servico
 722          116          225     0.346226    10.882830     0.923268   115.408534    False    servico
 723          116          209     0.100910    76.815920     0.269094    33.636779    False    servico
 724          154          204     0.111761    22.388640     0.298029    37.253660     True    servico
 725          154          210     0.031215    24.796036     0.083239    10.404854     True    servico
 726          272          151     0.455775     6.925471     1.215400   151.924991     True    servico
 727          272          154     0.053099   101.121274     0.141596    17.699540     True    servico
 728          210          281     0.054380    11.780814     0.145014    18.126702     True    servico
 729          210           25     0.670451    12.065133     1.787869   223.483593     True    servico
 730          281          214     0.323062   148.750679     0.861498   107.687291     True    servico
 731          281          272     0.031548    71.676661     0.084128    10.516001     True    servico
 732          279          110     0.265204     6.999450     0.707211    88.401405    False    servico
 733          279          277     0.186694    58.839975     0.497849    62.231171    False    servico
 734          279          113     0.144615    41.421068     0.385640    48.204956    False    servico
 735          183          213     0.230440    32.085218     0.614506    76.813267     True    servico
 736          183          180     0.678341    51.126910     1.808909   226.113637    False    servico
 737          280          196     0.610017   150.501237     1.626711   203.338931    False    servico
 738          280          197     0.257067   135.342392     0.685512    85.688944    False    servico
 739          280          129     0.359293    57.034561     0.958116   119.764500    False    servico
 740          280          130     0.245758    79.715251     0.655355    81.919322    False    servico
 741          219          183     0.114541    54.525501     0.305443    38.180335     True    servico
 742          219           68     0.035404     0.000000     0.094411    11.801433    False   passagem
 743           68           66     0.097256     7.855034     0.259350    32.418747    False    servico
 744           68           70     0.347137    21.577918     0.925699   115.712389     True    servico
 745           68          219     0.035404     0.000000     0.094411    11.801433    False   passagem
 746          222          218     0.067054     7.855034     0.178810    22.351196     True    servico
 747          222          115     0.349733    14.876956     0.932620   116.577541    False    servico
 748          129          127     0.258034    77.594011     0.688092    86.011449    False    servico
 749          129          280     0.359293    57.249221     0.958116   119.764500    False    servico
 750          129          113     0.124643    79.715251     0.332381    41.547676    False    servico
 751          130          216     0.607099    27.654133     1.618930   202.366247    False    servico
 752          130          280     0.245758   134.694974     0.655355    81.919322    False    servico
 753          130          127     0.280733    54.525501     0.748621    93.577582    False    servico
 754          217          214     0.259729    62.285238     0.692612    86.576482    False    servico
 755          217          237     0.373745    57.625306     0.996653   124.581623    False    servico
 756          217           69     0.340055    82.921528     0.906812   113.351554    False    servico
 757           69           66     0.140148    75.446794     0.373728    46.716047    False    servico
 758           69          238     0.369801    31.094201     0.986137   123.267069    False    servico
 759           69          217     0.340055    82.046561     0.906812   113.351554    False    servico
 760           25           22     0.334634    75.446794     0.892357   111.544608    False    servico
 761           25          262     0.732253    74.244091     1.952675   244.084368     True    servico
 762           25          240     0.042384   162.462556     0.113023    14.127847    False    servico
 763          240          237     0.330647     9.403495     0.881724   110.215539    False    servico
 764          240          281     0.665391    73.359463     1.774375   221.796925     True    servico
 765          240           25     0.042384   147.628033     0.113023    14.127847    False    servico
 766          191          193     0.405178     9.403495     1.080475   135.059425     True    servico
 767          191          194     0.039034     0.000000     0.104091    13.011350    False   passagem
 768          194          169     0.223740     8.660355     0.596640    74.580045     True    servico
 769          194          191     0.039034     0.000000     0.104091    13.011350    False   passagem
 770          139          128     0.051728     0.000000     0.137942    17.242742     True   passagem
 771          139          232     0.082430     0.000000     0.219814    27.476748     True   passagem
 772           77          112     0.420654     0.000000     1.121745   140.218091     True   passagem
 773           77          139     0.041985     0.000000     0.111959    13.994848     True   passagem
 774          113          279     0.144615     9.314971     0.385640    48.204956    False    servico
 775          113          129     0.124643    32.085218     0.332381    41.547676    False    servico
 776          114          111    10.634708     0.000000    28.359222  3544.902800    False   passagem

  id           no  demanda       CS
